/*--------------------------------*- C++ -*----------------------------------*\
  =========                 |
  \\      /  F ield         | OpenFOAM: The Open Source CFD Toolbox
   \\    /   O peration     | Website:  https://openfoam.org
    \\  /    A nd           | Version:  13
     \\/     M anipulation  |
\*---------------------------------------------------------------------------*/
FoamFile
{
    format      ascii;
    class       faceSet;
    location    "constant/polyMesh/sets";
    object      iface_shell_innerfluid;
}
// * * * * * * * * * * * * * * * * * * * * * * * * * * * * * * * * * * * * * //


566
(
14344 
12299 
10260 
12315 
12329 
14379 
45 
2097 
6205 
8265 
14416 
10325 
12374 
12375 
10346 
14443 
10353 
12403 
6260 
10358 
6274 
12420 
10373 
10375 
12433 
12436 
12438 
14491 
8349 
10415 
8374 
10425 
14525 
10430 
10435 
10437 
6347 
10448 
14546 
14553 
10457 
14555 
10462 
12512 
14561 
14566 
4329 
10473 
14571 
2286 
4335 
12528 
8433 
2290 
14578 
12532 
14580 
8437 
14584 
10488 
14589 
6400 
12545 
14596 
12550 
14598 
8454 
10505 
8457 
8461 
14605 
12557 
14607 
14611 
12565 
14616 
12570 
10522 
6428 
14623 
14625 
6436 
10532 
14629 
6439 
14634 
12588 
10557 
12609 
10571 
2382 
6480 
14673 
10577 
14686 
10591 
2405 
2408 
10600 
14697 
6506 
10604 
14701 
12654 
12656 
14708 
12663 
12666 
14720 
8577 
10625 
10629 
6539 
14735 
6543 
10641 
10643 
14740 
12693 
10649 
14753 
12708 
12712 
10668 
12716 
2479 
12720 
2482 
10680 
12736 
12738 
8643 
12742 
8650 
14799 
10703 
10707 
8659 
6612 
14805 
10710 
8662 
14811 
10722 
12775 
8679 
14826 
8684 
12782 
10734 
8686 
12785 
8691 
12788 
10743 
507 
14848 
14850 
14852 
14856 
8714 
10774 
10785 
8737 
14883 
10788 
8741 
8751 
10799 
8765 
8768 
8771 
12868 
14916 
8773 
14920 
10825 
12875 
8779 
12880 
10838 
8792 
12888 
8794 
12890 
6747 
12891 
8798 
12897 
10853 
616 
12905 
10857 
10874 
12924 
8829 
8831 
10881 
14979 
14981 
12934 
12941 
14991 
8847 
8852 
12948 
14997 
15001 
4763 
15005 
15006 
4767 
15008 
12961 
10919 
15016 
15017 
8877 
15023 
15024 
8881 
15029 
10934 
15030 
12984 
697 
15034 
8891 
12988 
701 
4797 
15039 
15041 
705 
709 
15046 
15047 
12999 
15050 
13003 
15053 
729 
10971 
733 
10976 
6880 
740 
6888 
744 
15088 
2802 
15094 
8956 
764 
11006 
768 
15105 
6917 
776 
780 
11024 
11031 
15127 
15128 
8988 
13090 
13095 
11050 
13098 
15147 
15151 
13103 
11059 
2868 
9021 
4926 
9023 
9027 
13124 
6981 
6985 
4939 
15180 
4944 
11089 
13144 
860 
11103 
11105 
4971 
7035 
891 
895 
13186 
9098 
9100 
9103 
7061 
7065 
11166 
9131 
11184 
11188 
13237 
11199 
11201 
11211 
11218 
11229 
9186 
9189 
9199 
9202 
11250 
11254 
9209 
7162 
11263 
3071 
11268 
9221 
7174 
9223 
11272 
11274 
9229 
9238 
11286 
5148 
9245 
9258 
9266 
7229 
9278 
11333 
7247 
1105 
1109 
11355 
13411 
9323 
7276 
7279 
13430 
7295 
1152 
9345 
9351 
13450 
7309 
7313 
9369 
7323 
7326 
9379 
1196 
9391 
9395 
7347 
11455 
9411 
5326 
13519 
9424 
13521 
5330 
9427 
11481 
9435 
5343 
5350 
9448 
11496 
11509 
11512 
1272 
5372 
11516 
5375 
1279 
9473 
1283 
1287 
1291 
9503 
11551 
9513 
1323 
9516 
7473 
9529 
7481 
13635 
13638 
1356 
11598 
1360 
3409 
1363 
1366 
11606 
11612 
7518 
1380 
7526 
13672 
7530 
9579 
1392 
7537 
11634 
11638 
1400 
7547 
9601 
7554 
1421 
13713 
13716 
13719 
13722 
9637 
11685 
13739 
13742 
13745 
13748 
9671 
13767 
11726 
11727 
13777 
5588 
9688 
9697 
1507 
9700 
7659 
5617 
11761 
11764 
9717 
9723 
11777 
11781 
11784 
13847 
1566 
9761 
13863 
7728 
9779 
1587 
11829 
1591 
9783 
9786 
1594 
9795 
13893 
9797 
1608 
9801 
1612 
9804 
9813 
11867 
13917 
7781 
11888 
9842 
7807 
7809 
13961 
9868 
11918 
9872 
11922 
9876 
9879 
9886 
11947 
9903 
11953 
1715 
9914 
11963 
9918 
9921 
9923 
11973 
9935 
5840 
9937 
9943 
5848 
9949 
9952 
9954 
9956 
3817 
14067 
7924 
7927 
14072 
9983 
9997 
7954 
12060 
12065 
12070 
10024 
7983 
7995 
10044 
7998 
8003 
14150 
14155 
8015 
3923 
12115 
3926 
12121 
1890 
6001 
12148 
8057 
12154 
8061 
12158 
8066 
8068 
12172 
8076 
12176 
12180 
12183 
14234 
10138 
12187 
14239 
12195 
14244 
10150 
8102 
8106 
12210 
12212 
14260 
10175 
12234 
12237 
14287 
12240 
10200 
12256 
10208 
14306 
12259 
12263 
12266 
12271 
10225 
12273 
12280 
)

// ************************************************************************* //
