/*--------------------------------*- C++ -*----------------------------------*\
  =========                 |
  \\      /  F ield         | OpenFOAM: The Open Source CFD Toolbox
   \\    /   O peration     | Website:  https://openfoam.org
    \\  /    A nd           | Version:  13
     \\/     M anipulation  |
\*---------------------------------------------------------------------------*/
FoamFile
{
    format      ascii;
    class       faceSet;
    location    "constant/polyMesh/sets";
    object      iface_baffles_outerfluid;
}
// * * * * * * * * * * * * * * * * * * * * * * * * * * * * * * * * * * * * * //


5888
(
294923 
278541 
278545 
262165 
262166 
262168 
262171 
278555 
262174 
278561 
294948 
262182 
278566 
262184 
278568 
278569 
262186 
262188 
278574 
278577 
262194 
262196 
294966 
262199 
262201 
262203 
262208 
245827 
294987 
294990 
262224 
294999 
262235 
295004 
262238 
278622 
295007 
262244 
295013 
262247 
245867 
278643 
295030 
278656 
262276 
262281 
278665 
295049 
278672 
262290 
278674 
262294 
245920 
262305 
278690 
295077 
278694 
262312 
278699 
295083 
245933 
278703 
245937 
262322 
278711 
295098 
278716 
295100 
278722 
295108 
262344 
295113 
278742 
278746 
295130 
245980 
262369 
262374 
278759 
278764 
295152 
295153 
246003 
262393 
278777 
295161 
262403 
278788 
295174 
262409 
278796 
295181 
278799 
262422 
278806 
295192 
246044 
246047 
295199 
295200 
278822 
278835 
262455 
278839 
278842 
278844 
295230 
278847 
295233 
246082 
262478 
295248 
278867 
262487 
295255 
262494 
262497 
262500 
262503 
295272 
262505 
262513 
295284 
295290 
246140 
278910 
262529 
262534 
295303 
295305 
278923 
246157 
262544 
295312 
262548 
295317 
262551 
278935 
262553 
262555 
262558 
278943 
295327 
295330 
262565 
278959 
278962 
295346 
262579 
295350 
246199 
262584 
295352 
262588 
295356 
262607 
295381 
246232 
262616 
246242 
262627 
262629 
295397 
295399 
262632 
295404 
279025 
295413 
279030 
295414 
262647 
262648 
279032 
295416 
279035 
262653 
295422 
262660 
279044 
279055 
279061 
262678 
295449 
262685 
295459 
262693 
279084 
246321 
262705 
262706 
295478 
279097 
246331 
279099 
262720 
262722 
295492 
295497 
279114 
295503 
279121 
295505 
279124 
262747 
262752 
279138 
262755 
279141 
262758 
262760 
295528 
262765 
279150 
295535 
295538 
262773 
295541 
295543 
279162 
295548 
262781 
295550 
295552 
246408 
262792 
295560 
295562 
295563 
295564 
279181 
262802 
262803 
295573 
246425 
262810 
262811 
295584 
279201 
295590 
246441 
295596 
279217 
262838 
295606 
246455 
295608 
295609 
295610 
279228 
262845 
295615 
246464 
279236 
295620 
262854 
295622 
295623 
295624 
279241 
262858 
262860 
262861 
279247 
262867 
262870 
279259 
279263 
279269 
262891 
262896 
262904 
279288 
262906 
295674 
246523 
295676 
262915 
279300 
295685 
295701 
279322 
295707 
295716 
295718 
279339 
295724 
279341 
295730 
246580 
279359 
262977 
295754 
262991 
279375 
262992 
295761 
295765 
279382 
263003 
263006 
295776 
263016 
295786 
295792 
246643 
295795 
246646 
295803 
263036 
295804 
295808 
263041 
295813 
279435 
295836 
263074 
263076 
295846 
295847 
263082 
263086 
295856 
295862 
263098 
279483 
295868 
295880 
279497 
295881 
279499 
263116 
295887 
295890 
246739 
263126 
295896 
263133 
263141 
246772 
279545 
295935 
295939 
246788 
246794 
295948 
279575 
279578 
279579 
295972 
295979 
279596 
246829 
295986 
246836 
295997 
279614 
295999 
263234 
296003 
263239 
296009 
296011 
246860 
279629 
296019 
246869 
279637 
279639 
263256 
296026 
279656 
263274 
296043 
263277 
296046 
296048 
246903 
246906 
296059 
296064 
296069 
263305 
296088 
279713 
246948 
296108 
279727 
296112 
296114 
246968 
279736 
296124 
279743 
279748 
246987 
279760 
246997 
279765 
279770 
279775 
296161 
279778 
296171 
279792 
296181 
279803 
247040 
296202 
247051 
279821 
247055 
296212 
247066 
296228 
279850 
296235 
296241 
296244 
279865 
296254 
247108 
279877 
247113 
296265 
279884 
279885 
296275 
296285 
279902 
296287 
296290 
279907 
279909 
279929 
296315 
296316 
247165 
247170 
296326 
279943 
296328 
279946 
279950 
296340 
279958 
247194 
296349 
263582 
279967 
296351 
279969 
296353 
279972 
279975 
296361 
296364 
279982 
296366 
279997 
296386 
296392 
296394 
296396 
280015 
247257 
296413 
296416 
263652 
247270 
280039 
280046 
280049 
280051 
296441 
280065 
247299 
296464 
247316 
247317 
280094 
280100 
296485 
280102 
263726 
296496 
263730 
296499 
280117 
280123 
296513 
296518 
247368 
280136 
280141 
247374 
296527 
280145 
296532 
280149 
247384 
280152 
280159 
280160 
280164 
247399 
280175 
280177 
247412 
280182 
280185 
280188 
280191 
296577 
280199 
247433 
263819 
280203 
247439 
280207 
280210 
280212 
280223 
280225 
296610 
280234 
296630 
280247 
263866 
280256 
280259 
280265 
296657 
296664 
280282 
280287 
280291 
280295 
280298 
280300 
296690 
280308 
247543 
280314 
296713 
263951 
280339 
280345 
280347 
296732 
296735 
296737 
296740 
247590 
296751 
280372 
296756 
296764 
280382 
296773 
280395 
280402 
247635 
296788 
247638 
280407 
247640 
280411 
296795 
280415 
296801 
280418 
280421 
280425 
296812 
247661 
280429 
280431 
280433 
247666 
280437 
280447 
280449 
280455 
280457 
280463 
296847 
296850 
280466 
247703 
264088 
280476 
280480 
280493 
296879 
280499 
280502 
280508 
280511 
280513 
280517 
296905 
280523 
280524 
280526 
280537 
280540 
280544 
296928 
296931 
280548 
247784 
280553 
280558 
280565 
280568 
296953 
280572 
264190 
280575 
296960 
280581 
247816 
280587 
280597 
296981 
296984 
296997 
280615 
264236 
280625 
297014 
280634 
280637 
280656 
297043 
280661 
297045 
280663 
280670 
297056 
247905 
297059 
280686 
280690 
247924 
280704 
297091 
280715 
280722 
297108 
280731 
280736 
264355 
280740 
247978 
264363 
264365 
280753 
280756 
280757 
280760 
297145 
247995 
280767 
280768 
280771 
297160 
280777 
297163 
297165 
280785 
264402 
280788 
264408 
280792 
297177 
280796 
280797 
280801 
297186 
297190 
280808 
297195 
248044 
280812 
248046 
297200 
280827 
280831 
280836 
297222 
280839 
248072 
280841 
297225 
280842 
248078 
280846 
280847 
280850 
280853 
264472 
280856 
280858 
280860 
280863 
280865 
280866 
297253 
280869 
297256 
280873 
280875 
280876 
280877 
280881 
280882 
248115 
280886 
248120 
280888 
280889 
280891 
280892 
297278 
280897 
280900 
280901 
264520 
280909 
264526 
280911 
280912 
248145 
280917 
280920 
280921 
297307 
264543 
280927 
280928 
248163 
280931 
264550 
280937 
280940 
280941 
280944 
297331 
280948 
280949 
264568 
280952 
280954 
264571 
280957 
280959 
280960 
248193 
280966 
280967 
297355 
280971 
297357 
280974 
280976 
297360 
264595 
248214 
280982 
280984 
280986 
280990 
248224 
280992 
280993 
248226 
280997 
281001 
281002 
297388 
281008 
281009 
248244 
281015 
281017 
264634 
281018 
281021 
281022 
281026 
297412 
264645 
281032 
281035 
281037 
264655 
281039 
264657 
281041 
297428 
281047 
297432 
281049 
281050 
297435 
248285 
281053 
281055 
297440 
281058 
281059 
248293 
281063 
281064 
297448 
281066 
281067 
281070 
297455 
297456 
248305 
281073 
281075 
281076 
297461 
248313 
248315 
281083 
281084 
281090 
281092 
248325 
281093 
281098 
281100 
281101 
281106 
281107 
297495 
281113 
281115 
281116 
281121 
248356 
281124 
281127 
264747 
248366 
248369 
281137 
281140 
297524 
281141 
248379 
297533 
281149 
297534 
281150 
281158 
281160 
281164 
297550 
281168 
264785 
281170 
281172 
281174 
281175 
248413 
297565 
281182 
281183 
248418 
297570 
248420 
281191 
281192 
248428 
297581 
281197 
281198 
297584 
248433 
281204 
281206 
281207 
297591 
281214 
248448 
281216 
248451 
281222 
281224 
297608 
281233 
281234 
248469 
281239 
281242 
297626 
281244 
297631 
281249 
281251 
264869 
281253 
281255 
264872 
281257 
281259 
297645 
281261 
281263 
281264 
264884 
281272 
264890 
281274 
281275 
264895 
281281 
281283 
297669 
281289 
248522 
281291 
297675 
281292 
264910 
248529 
281297 
297681 
248531 
281299 
281306 
248539 
281308 
264925 
281309 
297693 
264926 
281313 
264930 
297698 
248547 
281317 
297703 
248552 
297705 
297706 
281326 
297711 
281328 
248561 
281329 
297715 
248564 
281334 
297720 
281342 
297726 
281344 
281348 
281352 
281353 
297737 
297738 
264971 
281358 
281361 
248594 
297746 
281363 
281365 
297753 
281371 
281373 
297757 
281374 
297759 
281380 
281382 
248615 
297768 
281384 
297772 
281391 
281393 
248626 
281395 
281396 
297783 
281403 
281404 
281407 
297792 
281411 
248645 
281413 
297797 
281417 
281420 
281422 
281423 
297808 
281426 
281428 
281429 
297813 
297815 
281432 
248665 
281434 
281436 
281437 
297824 
281443 
281445 
297830 
297832 
281449 
281451 
281454 
297840 
281457 
281458 
281460 
248694 
281465 
281466 
281469 
248702 
265094 
297862 
281479 
248714 
281482 
297867 
281486 
281489 
281491 
297875 
281492 
248730 
281499 
281501 
281502 
297889 
281507 
281509 
248742 
281510 
265130 
248747 
281518 
281520 
281521 
297907 
281528 
248763 
281531 
265148 
281532 
297916 
281535 
297921 
281539 
297923 
281541 
281542 
297927 
281545 
248780 
281551 
281553 
297937 
281554 
281559 
248793 
265177 
281561 
248794 
297946 
281563 
248799 
297951 
248800 
281570 
297955 
281572 
281573 
297958 
297961 
281578 
297963 
281580 
281581 
297968 
248820 
248821 
297973 
281590 
281592 
297976 
248828 
297982 
265220 
297989 
281608 
297992 
281611 
281612 
265231 
248849 
298001 
265234 
281618 
248852 
281620 
281621 
298005 
298007 
281625 
298010 
281629 
298013 
265247 
281631 
281632 
298016 
248866 
298018 
281635 
298020 
281637 
298022 
281639 
265259 
281645 
265262 
281647 
281648 
298034 
281651 
281655 
248889 
281657 
281658 
298044 
298046 
281664 
298048 
281666 
298051 
265286 
281672 
281674 
281675 
298062 
248911 
298064 
281682 
298067 
281684 
281685 
298070 
298071 
298073 
298074 
281692 
298077 
281694 
298078 
281695 
298080 
298083 
281700 
265317 
281703 
281705 
281706 
298093 
248943 
281715 
298099 
281717 
281723 
281724 
298108 
265341 
298112 
281729 
281730 
281733 
298118 
281736 
281738 
248971 
281739 
265356 
265362 
281746 
281748 
248981 
281749 
298134 
248985 
298138 
281756 
298140 
298142 
281759 
281760 
281766 
298150 
281767 
281775 
281776 
298162 
281781 
265400 
281784 
298170 
281787 
298172 
281789 
249023 
281792 
298177 
281795 
281796 
249031 
281801 
298185 
265419 
249036 
281804 
298188 
281807 
298191 
281808 
298193 
298198 
281816 
298201 
281818 
298204 
281826 
249059 
281827 
281832 
298216 
281834 
281839 
281843 
298228 
281845 
298231 
281852 
281856 
298241 
281858 
265479 
298247 
249096 
281864 
265483 
281867 
281872 
265490 
281874 
281875 
298261 
265494 
281880 
298265 
281883 
265500 
281884 
298269 
298271 
281892 
298277 
281894 
298278 
281895 
298280 
265514 
298283 
281902 
249135 
265519 
281903 
298290 
265523 
281909 
298293 
281911 
281912 
298300 
265533 
281917 
281919 
281922 
281923 
249157 
281930 
298314 
249165 
281933 
281934 
298321 
281938 
265555 
281940 
281941 
298326 
265560 
249179 
281949 
281951 
281952 
265570 
298342 
281959 
281961 
281963 
265581 
281965 
281968 
298355 
281973 
298359 
281979 
281980 
281983 
281985 
281991 
298375 
298378 
249227 
298379 
249229 
281997 
249232 
298385 
298387 
298388 
298392 
282009 
298394 
298395 
265629 
282013 
298398 
282017 
298401 
298404 
298405 
265638 
282022 
282023 
298408 
282025 
298410 
298418 
298419 
249269 
298423 
298424 
298429 
298431 
298432 
282049 
282050 
282055 
298442 
282062 
298448 
298449 
282067 
298452 
265687 
282071 
282072 
298457 
282074 
298459 
265692 
298460 
282077 
282080 
282081 
265698 
282082 
298466 
249317 
282085 
298469 
298470 
249321 
298473 
249327 
298479 
282097 
298481 
298482 
282100 
282106 
298490 
298491 
282108 
298494 
298496 
282113 
265731 
282115 
298499 
265733 
298502 
282119 
298504 
298505 
249355 
249357 
265743 
282128 
298512 
298513 
265749 
282135 
282136 
298523 
298525 
282142 
249377 
298529 
265763 
298531 
282149 
298533 
282150 
298539 
282157 
298541 
265774 
298543 
282161 
298547 
298548 
298549 
282167 
249401 
298554 
282172 
298558 
249407 
298561 
298562 
249412 
298564 
282181 
282183 
298567 
249416 
282184 
249418 
298570 
282187 
298571 
282189 
298573 
282190 
298577 
282195 
298580 
298583 
298585 
249434 
282203 
298588 
282206 
282208 
282209 
298594 
298595 
282214 
282215 
298599 
298603 
298604 
282224 
282225 
298609 
282227 
298611 
298612 
282229 
265845 
249462 
282230 
249465 
282233 
298619 
249468 
282236 
282238 
298622 
282239 
298623 
282242 
298626 
249477 
298630 
282247 
265864 
298632 
249481 
282249 
298633 
282252 
298638 
282256 
298640 
282257 
298641 
298644 
282262 
298647 
282266 
298651 
298652 
282272 
249505 
282277 
298662 
282279 
298663 
282282 
298669 
282286 
298670 
282287 
282291 
298675 
282293 
298678 
298679 
282296 
265915 
282299 
298684 
282301 
298685 
282303 
265921 
298689 
282306 
282308 
298693 
298695 
298696 
282313 
298700 
298701 
282319 
249554 
298706 
282323 
298708 
282325 
298710 
265944 
282329 
282330 
265947 
298718 
298719 
282337 
282339 
265957 
298726 
265959 
298727 
282344 
298730 
282347 
282348 
249581 
298733 
282350 
298734 
249584 
265969 
282354 
265971 
282357 
298741 
298742 
298744 
249593 
282362 
298746 
282366 
282368 
298752 
298755 
298756 
282373 
282374 
298758 
298760 
298765 
265999 
249617 
282386 
249621 
282390 
249623 
298776 
266009 
282393 
298777 
298781 
282402 
266019 
282403 
298787 
298788 
282406 
249640 
282408 
298792 
298795 
298797 
249649 
282417 
298803 
249652 
282421 
298805 
282422 
298806 
266040 
282424 
298809 
282428 
298815 
298820 
298822 
298823 
298828 
298830 
298831 
249686 
298839 
266074 
249693 
266077 
298845 
249695 
298847 
298848 
298852 
249703 
298855 
298857 
298865 
298866 
266103 
298873 
298875 
298876 
298880 
298885 
298894 
266128 
298896 
298898 
298905 
266138 
298907 
266144 
298912 
298913 
249764 
298918 
298921 
298923 
298925 
298932 
266166 
298934 
298935 
266170 
298939 
266173 
298941 
298943 
298944 
298947 
298950 
298952 
298953 
298955 
298958 
298960 
266194 
298966 
249818 
298971 
249820 
298972 
298978 
298981 
298982 
298986 
298987 
266224 
298993 
299001 
249850 
299003 
266236 
299006 
299007 
282626 
299013 
266246 
299015 
299016 
266252 
299022 
266255 
266258 
282642 
299028 
299031 
299032 
299037 
282654 
299039 
299042 
299043 
299049 
299051 
299052 
266286 
299056 
249906 
282674 
299058 
299063 
249916 
249918 
299070 
266303 
299072 
299073 
282690 
299081 
266315 
299083 
266318 
299086 
282704 
266321 
299090 
249939 
299091 
249941 
299095 
249945 
299098 
282716 
299101 
299104 
299106 
299108 
249959 
266343 
249961 
299114 
266347 
299117 
249966 
299118 
299122 
299124 
249974 
299126 
282744 
266362 
299130 
299132 
266366 
299135 
299136 
299142 
299144 
299145 
282763 
299150 
299152 
299153 
250002 
299158 
250009 
299161 
299162 
299165 
299170 
266403 
299172 
299173 
282791 
299178 
266412 
299180 
250032 
266419 
299187 
250036 
299189 
299190 
266423 
282808 
266425 
299196 
299198 
299200 
299201 
266434 
299207 
299210 
299212 
299218 
299220 
299221 
299223 
299226 
299227 
299228 
299230 
299231 
250085 
299237 
299239 
299240 
282858 
299242 
299245 
282862 
299247 
299250 
282867 
299253 
299255 
299256 
250105 
299258 
250107 
250108 
299262 
282880 
299265 
299266 
282884 
299271 
299273 
299274 
266509 
299279 
299281 
299282 
299291 
282909 
299294 
282911 
299295 
299299 
250148 
299302 
299305 
299313 
299315 
250167 
250168 
299320 
266554 
299323 
250172 
282940 
299324 
299326 
266561 
299329 
250179 
299331 
299333 
250183 
266571 
282955 
299340 
299341 
282958 
282963 
299347 
299348 
299354 
299356 
299357 
266591 
282976 
299361 
299366 
250215 
299368 
250219 
299376 
282995 
266616 
283000 
299385 
266618 
283004 
299388 
299389 
250239 
266626 
299395 
299396 
250247 
299399 
299400 
299404 
299406 
299409 
299410 
266645 
299419 
299421 
299422 
283043 
299432 
250281 
266666 
299434 
299435 
299438 
299440 
299441 
283060 
250295 
299447 
266680 
299449 
299450 
299456 
299459 
250309 
266695 
299463 
299465 
250314 
266698 
299466 
250317 
299473 
299475 
299484 
266717 
299485 
299491 
299493 
299494 
250344 
299498 
250347 
299501 
299502 
299505 
299509 
299513 
299514 
266749 
283137 
299522 
283140 
299525 
299530 
299531 
299533 
266766 
299535 
250385 
250386 
299541 
283159 
299543 
283163 
250396 
299552 
266785 
250403 
283174 
299559 
299561 
250412 
299564 
250415 
299568 
299570 
266806 
299574 
283192 
299576 
299578 
250430 
266814 
299582 
266816 
299585 
283210 
299597 
299600 
250449 
299602 
250452 
250454 
266839 
266842 
250460 
283228 
283230 
299615 
299618 
299619 
299622 
266855 
250476 
299628 
299630 
299631 
266865 
250482 
299634 
266867 
266870 
299638 
299648 
266882 
266884 
299652 
299656 
299657 
283275 
299662 
266895 
283279 
283283 
299668 
299669 
250520 
266906 
283292 
299676 
299678 
299679 
250534 
299689 
299694 
250543 
283313 
299698 
299701 
283319 
299703 
299704 
250553 
299705 
266938 
283323 
250560 
299712 
266945 
299714 
250563 
299721 
299724 
299726 
266960 
299730 
266963 
283348 
299734 
299735 
299741 
299743 
299744 
299745 
250594 
299746 
250600 
299753 
283371 
299756 
299758 
266993 
299769 
267002 
299771 
283388 
299772 
299774 
299777 
299786 
299789 
299790 
250639 
299793 
299794 
299798 
250647 
299801 
299803 
299804 
299808 
299809 
283430 
299814 
283433 
299818 
267051 
299823 
299825 
267058 
250676 
250678 
299830 
299832 
267068 
299837 
299839 
299842 
299849 
299851 
283471 
250704 
267088 
299864 
299867 
299871 
267104 
299872 
250721 
250724 
250726 
267110 
299879 
299881 
250730 
299883 
250732 
299888 
299889 
299890 
250739 
299892 
267124 
250741 
267130 
299900 
267133 
283517 
250751 
283520 
299908 
299910 
283528 
299913 
299915 
299916 
250765 
299918 
267152 
299920 
283538 
299923 
299926 
267163 
299931 
250782 
267166 
250789 
250800 
283569 
267186 
250803 
283576 
283582 
250822 
250826 
283598 
250834 
267219 
267223 
267230 
250852 
250856 
267244 
267249 
267252 
283636 
267254 
250875 
267262 
283646 
283649 
267267 
283658 
250906 
250909 
267296 
250915 
250917 
267303 
283691 
250924 
250928 
283696 
250932 
250935 
267319 
250940 
250942 
267326 
283710 
267330 
250948 
267334 
283720 
250961 
250966 
267351 
250968 
250972 
267361 
267363 
250984 
283760 
250996 
251002 
251003 
283772 
267394 
251011 
283785 
267402 
267404 
251022 
283802 
283805 
267425 
251045 
251047 
267431 
251048 
251051 
251054 
267440 
251057 
267443 
251063 
251064 
251067 
251070 
251072 
251074 
251077 
267463 
251080 
267467 
283854 
251091 
283869 
267491 
267493 
267495 
251116 
283885 
283888 
267509 
283894 
267512 
267514 
283898 
267518 
251137 
267521 
251141 
283921 
267539 
267542 
283926 
251161 
251166 
267550 
283941 
267558 
267561 
251178 
283947 
267565 
251182 
283950 
251185 
267570 
283961 
283973 
251207 
283975 
267604 
283990 
251224 
283995 
267615 
267620 
251247 
251251 
251261 
251266 
284036 
251272 
284040 
267658 
251276 
251279 
267663 
251282 
267668 
251285 
267670 
284054 
251291 
251293 
267679 
251296 
251299 
267684 
267686 
284072 
267689 
284075 
267693 
251311 
251313 
267697 
251321 
267708 
251334 
284102 
251336 
284105 
251345 
251348 
267732 
251351 
251354 
267743 
267747 
251374 
267759 
251377 
267762 
251380 
251385 
267769 
251388 
251391 
284161 
251394 
267784 
284172 
251407 
267791 
284175 
251419 
267805 
251422 
267807 
267809 
251430 
284202 
267819 
251436 
284204 
251439 
284209 
251442 
251444 
284214 
251447 
284216 
284231 
284235 
251478 
284249 
267866 
251491 
251494 
267880 
267887 
267889 
251506 
267893 
251511 
267896 
251515 
284283 
267900 
267903 
284290 
284292 
251526 
284295 
267914 
267917 
284301 
251539 
251540 
284309 
251543 
267929 
267932 
267933 
267939 
267940 
267941 
284325 
267942 
267944 
251561 
267954 
267956 
284341 
267960 
284345 
267963 
284349 
251582 
284353 
251587 
267973 
267975 
267978 
251595 
267981 
284369 
251603 
267990 
267992 
251610 
267996 
284381 
251615 
251617 
284385 
251622 
268006 
284391 
268009 
251626 
284397 
251630 
268017 
251643 
284411 
268029 
268033 
251653 
268037 
268040 
268044 
251661 
251669 
251671 
268056 
251674 
251677 
268061 
268064 
251686 
251694 
251696 
284473 
251710 
268095 
251712 
284480 
251716 
251722 
284490 
251727 
268111 
268117 
251734 
268119 
251740 
268124 
268126 
251750 
251753 
251768 
268153 
268157 
251776 
284544 
268162 
251781 
251783 
268167 
284552 
251788 
268172 
284557 
251795 
251799 
251800 
268185 
251805 
268190 
284574 
251807 
268193 
251810 
251812 
268196 
251814 
268199 
251816 
251818 
268203 
251822 
268206 
268212 
251836 
268220 
268222 
251842 
251848 
251857 
284628 
268252 
284637 
251875 
251878 
284659 
284660 
251897 
251902 
284671 
284674 
251907 
268293 
251910 
268303 
284687 
268308 
251925 
268310 
251928 
268315 
251934 
251937 
268327 
268328 
251949 
251954 
251960 
251962 
284739 
251972 
284741 
268360 
284747 
251980 
268366 
251986 
268371 
251990 
251994 
252000 
284768 
268386 
268387 
252004 
268390 
252007 
252009 
268393 
252012 
268396 
252015 
252019 
252022 
268416 
252034 
284803 
252041 
252044 
284814 
252047 
252049 
268433 
252052 
268437 
284828 
284831 
252064 
252067 
284838 
284840 
252074 
284843 
252078 
284846 
252080 
284849 
252083 
284851 
284853 
252086 
284855 
252088 
284857 
252091 
252094 
268488 
284874 
252107 
284877 
268501 
252119 
252127 
284900 
284902 
252139 
284918 
252153 
268538 
284922 
252160 
268544 
252162 
268547 
252165 
268550 
284934 
252167 
268552 
252177 
284947 
252182 
252186 
284955 
252188 
268575 
284960 
252195 
268580 
268582 
252199 
252205 
252207 
252209 
268593 
252211 
252213 
284981 
252215 
268600 
284984 
284987 
252224 
284993 
268613 
268621 
268624 
252241 
268627 
252247 
252249 
252253 
252257 
285028 
268651 
268653 
285044 
252278 
285046 
252281 
252283 
268668 
268676 
252293 
268681 
268682 
268684 
285070 
252312 
268699 
268701 
268703 
252320 
285095 
252328 
285097 
268722 
268724 
268725 
252343 
252346 
268733 
285119 
252352 
268736 
268738 
268740 
268745 
268750 
268756 
252375 
285145 
252378 
268763 
252385 
285154 
268772 
285166 
268798 
285184 
268801 
268808 
252429 
285200 
285202 
268819 
268820 
268825 
268827 
252444 
268831 
268837 
268839 
252458 
268843 
252461 
268845 
285230 
285232 
252470 
268854 
268860 
285254 
252487 
252491 
252495 
252497 
268882 
285266 
252504 
252507 
268899 
285288 
252522 
252525 
285295 
285298 
285299 
268917 
252534 
252547 
268937 
268939 
252558 
268946 
252573 
268962 
252579 
252584 
268968 
252597 
252599 
252604 
268990 
252607 
268992 
252609 
252615 
268999 
269002 
285387 
252622 
269008 
285393 
285395 
252629 
285397 
269015 
269016 
285400 
252633 
252635 
285403 
269021 
285405 
269023 
252641 
252643 
285412 
285415 
252648 
252649 
285418 
252658 
269045 
269047 
269051 
285436 
269061 
269064 
285452 
285454 
252687 
269071 
285459 
252692 
252702 
269087 
269088 
285472 
269091 
285475 
252708 
269093 
269095 
285480 
269097 
285483 
269100 
252717 
252720 
252725 
252729 
269116 
269121 
269122 
269127 
269131 
269134 
252751 
252756 
252758 
285527 
269144 
269145 
285529 
252762 
252763 
252767 
252778 
252784 
285555 
269178 
285567 
285569 
252802 
269186 
269189 
252810 
269194 
252814 
285582 
252816 
252826 
252829 
269214 
269217 
285608 
269225 
269227 
285611 
285614 
252847 
285616 
252849 
269241 
269244 
269247 
285634 
285635 
285637 
285641 
269261 
285647 
285649 
252884 
285654 
269271 
252888 
252892 
285660 
252893 
269277 
252894 
252895 
285663 
285665 
269291 
252908 
285679 
269297 
269303 
269305 
252928 
252934 
269323 
285721 
285724 
285733 
269351 
285736 
285741 
252977 
285748 
269368 
285752 
269373 
285760 
269378 
285774 
269391 
253017 
269416 
285801 
269418 
269420 
269422 
253040 
269428 
253048 
269432 
269434 
285820 
269440 
285826 
285829 
285838 
269455 
253072 
285844 
285846 
269464 
285849 
285854 
285856 
285861 
253095 
269479 
285864 
285871 
253104 
285873 
269493 
253112 
269499 
253117 
269512 
285896 
269514 
269516 
269518 
285904 
253146 
269530 
269532 
253149 
285917 
253151 
285920 
285930 
285938 
269556 
269557 
253174 
269567 
285970 
269587 
285978 
285980 
253213 
253242 
253245 
269633 
286017 
286019 
286021 
286023 
253260 
286036 
286037 
269660 
286044 
269666 
269668 
269673 
286070 
286076 
286078 
269699 
253316 
286104 
253337 
269731 
269740 
253357 
253370 
269757 
286143 
286146 
269773 
286159 
269777 
269784 
269788 
286176 
286177 
286178 
269797 
286185 
269808 
286192 
286194 
269811 
269812 
286197 
269815 
286199 
269816 
286205 
269822 
286206 
269823 
269832 
286217 
269834 
269835 
269840 
286234 
286235 
269852 
269860 
269863 
269866 
286264 
286268 
269888 
269891 
286277 
286288 
286291 
286293 
286296 
269920 
286307 
286309 
286311 
286313 
286315 
269933 
286317 
286319 
286325 
286327 
286331 
286334 
253567 
269957 
286346 
286352 
269972 
269976 
269982 
269985 
269995 
286392 
270009 
286394 
286397 
286402 
270021 
270032 
286424 
270041 
286425 
286431 
286434 
270054 
270070 
286455 
286457 
270074 
286464 
270082 
286466 
253701 
286473 
286479 
270099 
286487 
270113 
286499 
286500 
286502 
286504 
286506 
270127 
270130 
286516 
270133 
286517 
270139 
286524 
286526 
286532 
286534 
270158 
286545 
270166 
286558 
270182 
286566 
286576 
286579 
286585 
286593 
286594 
270213 
286598 
286608 
286610 
286612 
270230 
286614 
286616 
270236 
286625 
286662 
286664 
270284 
286670 
286674 
286678 
286680 
286690 
270308 
286698 
270317 
286701 
253937 
253941 
286714 
253947 
286716 
286719 
286726 
286732 
286743 
253982 
286751 
286754 
270376 
270386 
286777 
286780 
286782 
270404 
286791 
286793 
270412 
270415 
270417 
270427 
286812 
270431 
286815 
286818 
286822 
270442 
270457 
270461 
286846 
286849 
270470 
254097 
270481 
254098 
270484 
270487 
286871 
270490 
270494 
270497 
286882 
286885 
286888 
286897 
286901 
270518 
286904 
270527 
286925 
286953 
270570 
286960 
270577 
286967 
270586 
286973 
270597 
286998 
287000 
287015 
287018 
270643 
287027 
270649 
287036 
270654 
254280 
270670 
270673 
254295 
287064 
254300 
254304 
287074 
287081 
287083 
287088 
287090 
287091 
287092 
270720 
270721 
287112 
270729 
287116 
287133 
270751 
254371 
270757 
270775 
287164 
287167 
287170 
270803 
287197 
287218 
287222 
287225 
270856 
254474 
254475 
287249 
287251 
287255 
287258 
254493 
287261 
270879 
270880 
287269 
287275 
270897 
287283 
270903 
287307 
254547 
270937 
254556 
287328 
270954 
254573 
270959 
270966 
287350 
270971 
270979 
270982 
270984 
270986 
270989 
270992 
287378 
254615 
287386 
271010 
287410 
287412 
287427 
254664 
254667 
254668 
271056 
287440 
287442 
287444 
287454 
254691 
254695 
254696 
287472 
254706 
254707 
271092 
287481 
271098 
287489 
271115 
254735 
287518 
271136 
271139 
287523 
287525 
287528 
254762 
287530 
271148 
271150 
271158 
287543 
271161 
271164 
271165 
254783 
254785 
254800 
254802 
271186 
271188 
287573 
271193 
287577 
287583 
287587 
271208 
287595 
287598 
271227 
271234 
287624 
287626 
287628 
271253 
287637 
271256 
271259 
287644 
287647 
271270 
271277 
271280 
287666 
287671 
271289 
271295 
287680 
254916 
287690 
287692 
271311 
271319 
271338 
271339 
271342 
271344 
271350 
271353 
271357 
271367 
271372 
287756 
271379 
287764 
271383 
287767 
255001 
287770 
271388 
271390 
271395 
271396 
255019 
271403 
287797 
271416 
271420 
271423 
271430 
271434 
271436 
271439 
271441 
287825 
271447 
271451 
287839 
287851 
271471 
287857 
271475 
271479 
271481 
287867 
287871 
271489 
271501 
255122 
271506 
271507 
271509 
271512 
271514 
271518 
287913 
271534 
287918 
271535 
271536 
271543 
287934 
255171 
287939 
255179 
271565 
271573 
287962 
287964 
271581 
287967 
255203 
271595 
271599 
271606 
255224 
271610 
271618 
288005 
271622 
288009 
288013 
271631 
288016 
288025 
271646 
288035 
271654 
271656 
271659 
288043 
271662 
288046 
288049 
271667 
288052 
271669 
288057 
271676 
271691 
271693 
271694 
288080 
271697 
271699 
288083 
271701 
271705 
271711 
288101 
271721 
271723 
255340 
288109 
288121 
255357 
288135 
288139 
288147 
271767 
271770 
271772 
288159 
271785 
271795 
288181 
271801 
271805 
288196 
288199 
271816 
271818 
271825 
288213 
271832 
271841 
271848 
271855 
271857 
271866 
271871 
288271 
288272 
271891 
271893 
255514 
271901 
271905 
288291 
288299 
271917 
271922 
271933 
288321 
271938 
271951 
271955 
271956 
271965 
255588 
271982 
255605 
271991 
272002 
288394 
288401 
288402 
272020 
255638 
272023 
255657 
288428 
272045 
272047 
288436 
272053 
272054 
272059 
288443 
272061 
272064 
272071 
272074 
272075 
255696 
288465 
272082 
272085 
272086 
272093 
272094 
272098 
272101 
272102 
272103 
272109 
272112 
272113 
272119 
272121 
288508 
288510 
272127 
272128 
288513 
288516 
272137 
272139 
272142 
272148 
272150 
288538 
272155 
272158 
272159 
288555 
272172 
255790 
272178 
272179 
255802 
272186 
288570 
272188 
272191 
288578 
272195 
272197 
272198 
272206 
272211 
272215 
272217 
272218 
272227 
272230 
272231 
255853 
272237 
288621 
272238 
272242 
272245 
288630 
272246 
272248 
288636 
255870 
272255 
272257 
272258 
272263 
272265 
288653 
272270 
272272 
272273 
288658 
272275 
255895 
288663 
272281 
288665 
272282 
272288 
288673 
272290 
272291 
288677 
288680 
272297 
288682 
272299 
272300 
288685 
272305 
272307 
272309 
272314 
288701 
272318 
272319 
272325 
288709 
272328 
272329 
272334 
272335 
272338 
255955 
272341 
288731 
272349 
272351 
272354 
272357 
288743 
272360 
272361 
272366 
288751 
272367 
288754 
272370 
272372 
288757 
272375 
272378 
272382 
288766 
272384 
288770 
272387 
272388 
288773 
272391 
288776 
272394 
272398 
272399 
272404 
272405 
272411 
272413 
272414 
288799 
272421 
272423 
288808 
272425 
272432 
272434 
272436 
272437 
288821 
272440 
272441 
272443 
288828 
256067 
272451 
288835 
272453 
272454 
288842 
272460 
272462 
288848 
288853 
272470 
272472 
272473 
288860 
272480 
272481 
288866 
272485 
288869 
272486 
272490 
272492 
272493 
288878 
272498 
272500 
272501 
256118 
288886 
288889 
272507 
272509 
288893 
272510 
256129 
272513 
272514 
288900 
272519 
272520 
272523 
288908 
272527 
272528 
288914 
272531 
256153 
272537 
288921 
288922 
272539 
256158 
288926 
272545 
288930 
272547 
288932 
272549 
272550 
288935 
272554 
256171 
272557 
272559 
272562 
288946 
288948 
272566 
288951 
272568 
288954 
272571 
256188 
272574 
272576 
288962 
272580 
288965 
272582 
272588 
272590 
272591 
272596 
288982 
256215 
272599 
272600 
272607 
272608 
288992 
272611 
272616 
272617 
289002 
272621 
272623 
289010 
289012 
272629 
272630 
289015 
289018 
272637 
289021 
272638 
289023 
272641 
289025 
272644 
272645 
272647 
289037 
289039 
272655 
272656 
272661 
272663 
272665 
272666 
289052 
289054 
272671 
272673 
289058 
272675 
289060 
272681 
272682 
289069 
256303 
272688 
272690 
289074 
272692 
272700 
272703 
272704 
289092 
256326 
289096 
272712 
256329 
272714 
272715 
256336 
272723 
272725 
272726 
272729 
289114 
272732 
289116 
272737 
272738 
289122 
272745 
289131 
272748 
272749 
289134 
289138 
256371 
272756 
272759 
272760 
289145 
272762 
272767 
289151 
272768 
289155 
289156 
272773 
272776 
289160 
289162 
272779 
272780 
289164 
289167 
272784 
289170 
272788 
289174 
272792 
272793 
272800 
272802 
272803 
289190 
272807 
289193 
256428 
272812 
289196 
272813 
289198 
272816 
272818 
289202 
272820 
289204 
272821 
289207 
289209 
272828 
289212 
272832 
256451 
272838 
272841 
289225 
272843 
272844 
272847 
272852 
272853 
272857 
272859 
272860 
272862 
289246 
289249 
272866 
289254 
272871 
289256 
272873 
256493 
289262 
272879 
272882 
272883 
272890 
272893 
272894 
289281 
272900 
272902 
289290 
289292 
272909 
289294 
272911 
272912 
289297 
272918 
289303 
272920 
272921 
272924 
289308 
272926 
272928 
272929 
272933 
272935 
289319 
256552 
272941 
272943 
272944 
289330 
289332 
272950 
272952 
272953 
289342 
272959 
272960 
272968 
272970 
289354 
272977 
289361 
289363 
272980 
272981 
289368 
289371 
272989 
272990 
289374 
289376 
272994 
272996 
272997 
289382 
272999 
273002 
273003 
289389 
256624 
273008 
273010 
273011 
289395 
289398 
273017 
256634 
273022 
273023 
289407 
289411 
273029 
273031 
273032 
256653 
273038 
273040 
273045 
273048 
273050 
273051 
273056 
289441 
289444 
289446 
273063 
273066 
273067 
289452 
289456 
273076 
273078 
289464 
273086 
273088 
273089 
289476 
273093 
273095 
289479 
273097 
273098 
289483 
273101 
273109 
273111 
256731 
273117 
273119 
273120 
289507 
273124 
289508 
256741 
273127 
273128 
256751 
273135 
273139 
273140 
289524 
289525 
256759 
289528 
273145 
289530 
273152 
289536 
273153 
289537 
273156 
289540 
273158 
289542 
289544 
273161 
289545 
256778 
273162 
273163 
256780 
289549 
273169 
273170 
289554 
289555 
256789 
273174 
273177 
289562 
273180 
289564 
289565 
273183 
256802 
273186 
289572 
289574 
273191 
289575 
256811 
273195 
289580 
273197 
273198 
289583 
256816 
289584 
289586 
289590 
289594 
273214 
289599 
256832 
289600 
289607 
289608 
273231 
289618 
256851 
289621 
289622 
273239 
289624 
289625 
273242 
289627 
273245 
289631 
256864 
273250 
289634 
289635 
289640 
289642 
289643 
273260 
256878 
273262 
273264 
289649 
289652 
289653 
273270 
273272 
273273 
273275 
289659 
289663 
256896 
289664 
273284 
273287 
289671 
289672 
273290 
273291 
289675 
289676 
273294 
273295 
273296 
289680 
289681 
273300 
273301 
289688 
289689 
289697 
273314 
273317 
273318 
289703 
273321 
289705 
289707 
289708 
273327 
289711 
273329 
289714 
289715 
289716 
273337 
289723 
289726 
273344 
289730 
256965 
289733 
289737 
273354 
289741 
273358 
289747 
289748 
273365 
256983 
273367 
289751 
273369 
289757 
273374 
289758 
289762 
273379 
289765 
289767 
273384 
289768 
273386 
273387 
289771 
289773 
289774 
257007 
273391 
257010 
273394 
273395 
289780 
289782 
289783 
273402 
273403 
289788 
273405 
289790 
289791 
273411 
289795 
273412 
257029 
273414 
289798 
289800 
289801 
273418 
273419 
273423 
289807 
289809 
257042 
289810 
273430 
289816 
289817 
273438 
289822 
273441 
289825 
289826 
273444 
289829 
289832 
289835 
273452 
289837 
273457 
289841 
273458 
289843 
273460 
289844 
273461 
289850 
273467 
273468 
289852 
273473 
289860 
289861 
273481 
273483 
257100 
289868 
273485 
273486 
289871 
289872 
273490 
273491 
289877 
289879 
273496 
289882 
273499 
289883 
273500 
289885 
273503 
273506 
289890 
289891 
273510 
273511 
289896 
289898 
273519 
289904 
257137 
273521 
289905 
273523 
289909 
257143 
273528 
289912 
289914 
289915 
273532 
273536 
289920 
289922 
273541 
273544 
289929 
289931 
289932 
257165 
273549 
273550 
289934 
289937 
273554 
257171 
273555 
289939 
289942 
289943 
289946 
273563 
289947 
273564 
289949 
289951 
273568 
289956 
273573 
273574 
289959 
273576 
289960 
289963 
289966 
289967 
273585 
289969 
273587 
289972 
273591 
289975 
273593 
289979 
273596 
273597 
289981 
273599 
273600 
289984 
289985 
273604 
289989 
273607 
273608 
289992 
273609 
273610 
289994 
273611 
289995 
273613 
289998 
273615 
290001 
290002 
257235 
273619 
273620 
290004 
290005 
273622 
290011 
290014 
290015 
290018 
290021 
290024 
290026 
290030 
257264 
290033 
290035 
273652 
290041 
290044 
290046 
290055 
290056 
290057 
273679 
290064 
290066 
290069 
290071 
273689 
290074 
257307 
290076 
290078 
257317 
290085 
290087 
290088 
290094 
290097 
290098 
290103 
257337 
290105 
290106 
290113 
290114 
257353 
290121 
290123 
290124 
290129 
290130 
290134 
290136 
290139 
290141 
290144 
290145 
290150 
290151 
290155 
257390 
290159 
290161 
290167 
290171 
290173 
273793 
290178 
290180 
290181 
290185 
290187 
290188 
257422 
290191 
273812 
290196 
290198 
290199 
257436 
290204 
290206 
290214 
290216 
290217 
273837 
290225 
290227 
290228 
257465 
273850 
290234 
257467 
290236 
290237 
290240 
290244 
290246 
290249 
273868 
290254 
290257 
290258 
290263 
257497 
290265 
290269 
290272 
257507 
290276 
290279 
257513 
290282 
290286 
290287 
273909 
290293 
257526 
290295 
273912 
290296 
290301 
290305 
290307 
290308 
290312 
257547 
290315 
290317 
290318 
290322 
290325 
290326 
290329 
290333 
257566 
290334 
290341 
290343 
290344 
290347 
290350 
290352 
290353 
257586 
257588 
290359 
290362 
273979 
290363 
290369 
290371 
290372 
290377 
273995 
290380 
290381 
273998 
290384 
274002 
290386 
290387 
290390 
290394 
290395 
290396 
290397 
290403 
257636 
290405 
290406 
290414 
290416 
290417 
290421 
290423 
290429 
290431 
290432 
290438 
290443 
257677 
290446 
290447 
290452 
257685 
290455 
290461 
257695 
257698 
290467 
257701 
290473 
290476 
290482 
257715 
290484 
290485 
290490 
290492 
290493 
290500 
274119 
290503 
290504 
274122 
290510 
290511 
257747 
290518 
290520 
290521 
290523 
290526 
290530 
290531 
274148 
290539 
290541 
290542 
257775 
290549 
274166 
290550 
290552 
274170 
290555 
290556 
257790 
290560 
274177 
290564 
290565 
257799 
257804 
290572 
290575 
290576 
290580 
274197 
290582 
290585 
290586 
290587 
290593 
257827 
290595 
290596 
274213 
290602 
290604 
290605 
257842 
290610 
290614 
257848 
290619 
257856 
290624 
290625 
290633 
274251 
290635 
290636 
257870 
290644 
290646 
290647 
290653 
290654 
257890 
290662 
290665 
290666 
290670 
274287 
290673 
257911 
290680 
290682 
290683 
290691 
290692 
290694 
290698 
290705 
257942 
290714 
274333 
290717 
290719 
290722 
290738 
290744 
257989 
274374 
290758 
290765 
290770 
258003 
290771 
290772 
290773 
274392 
290776 
290779 
274396 
290783 
290786 
290793 
290798 
290808 
290814 
290816 
258063 
290831 
258064 
274448 
258067 
290835 
290839 
290848 
290850 
290851 
290857 
290861 
290869 
290876 
290878 
274502 
290887 
290888 
290890 
290891 
290895 
290897 
290899 
290900 
290903 
290908 
258144 
290913 
258146 
290917 
290918 
290922 
290923 
258156 
290927 
290928 
274549 
290934 
290942 
290945 
290946 
290949 
290951 
290953 
290958 
258191 
290960 
290961 
290964 
258198 
290966 
290969 
290970 
290973 
274591 
290975 
290977 
290981 
290983 
290986 
274603 
290987 
258222 
290993 
290995 
290998 
258233 
291002 
291004 
291006 
291012 
291014 
291020 
274638 
258255 
291023 
274643 
274646 
291031 
291033 
291035 
291038 
291041 
274659 
291043 
291048 
274665 
291049 
291051 
258285 
274669 
291060 
291062 
291065 
291066 
291067 
291071 
291072 
258306 
291074 
291077 
258311 
291081 
291083 
291084 
291090 
274707 
291092 
274711 
274718 
274722 
274725 
291110 
274727 
274753 
258372 
274756 
274774 
258392 
258402 
258404 
291180 
258413 
258416 
291191 
274812 
258436 
274827 
274831 
258448 
274839 
274856 
274859 
274871 
258496 
258504 
274888 
258509 
274897 
291284 
291302 
274924 
291308 
274928 
274933 
274935 
274944 
258561 
258562 
291349 
274966 
258583 
274971 
274973 
258598 
274992 
291387 
258631 
291402 
275020 
291406 
275030 
291417 
275040 
275043 
291444 
291446 
275063 
275075 
258693 
275096 
275101 
291486 
258724 
275115 
275121 
275128 
291514 
258749 
258750 
291521 
291525 
275150 
291538 
275158 
258778 
258781 
291564 
291566 
291578 
275195 
291588 
275207 
291591 
275210 
291611 
291613 
291619 
258854 
275240 
291631 
291637 
258873 
258875 
275260 
258885 
291654 
258891 
258895 
275283 
258904 
275288 
291680 
258919 
275313 
258930 
275315 
258932 
275318 
258937 
258941 
275329 
258954 
275340 
258959 
275346 
275355 
275365 
258983 
258992 
259001 
291773 
259014 
291788 
259024 
291797 
259037 
275422 
259039 
259054 
291831 
275450 
259074 
275467 
275470 
275473 
275477 
291867 
259100 
259105 
259106 
291883 
291886 
275503 
275507 
259124 
259128 
275512 
275513 
259132 
275521 
259140 
291908 
275527 
259148 
259155 
275545 
259163 
275550 
259167 
275553 
275565 
291953 
275571 
275584 
259203 
291991 
291997 
259235 
259241 
259264 
259269 
259271 
275659 
292043 
275674 
259295 
275685 
275692 
275696 
292087 
292089 
259322 
275711 
259331 
275716 
259339 
292107 
259342 
259343 
275731 
259349 
275735 
275745 
275760 
292146 
275763 
275765 
275768 
292152 
259387 
275778 
259399 
292173 
275793 
292179 
259417 
259422 
292191 
259433 
275821 
292215 
259451 
275853 
275856 
292243 
259480 
259482 
275868 
259494 
292265 
292271 
292281 
275900 
275903 
292289 
292296 
275917 
292326 
275945 
259563 
259565 
292334 
292337 
292346 
275966 
292352 
275969 
275972 
275980 
259598 
275987 
275989 
275991 
275994 
275998 
292386 
259619 
292390 
259628 
259631 
292404 
292406 
259639 
259645 
292418 
292421 
259657 
276044 
292434 
259668 
276056 
292443 
292446 
276070 
276077 
276078 
276081 
259698 
276085 
292469 
259702 
259711 
276096 
276099 
276103 
292488 
276113 
276116 
276119 
259736 
276127 
276130 
292515 
259748 
276140 
276144 
292528 
276147 
259765 
276156 
292542 
276159 
276163 
292547 
292549 
276167 
276169 
259786 
259803 
259806 
259808 
276219 
259841 
292611 
259849 
292619 
276236 
276238 
292632 
276251 
259868 
292641 
276260 
259882 
276268 
276269 
276270 
259894 
292664 
292666 
259901 
276285 
292672 
259910 
276298 
276307 
276316 
276318 
292710 
259944 
276329 
276332 
276348 
259966 
292734 
259969 
276353 
292738 
292747 
259980 
259986 
292755 
276374 
259993 
276380 
276384 
260004 
292779 
276396 
260014 
292782 
276400 
260025 
276411 
276414 
260031 
292801 
276420 
292819 
276436 
276446 
292831 
276449 
292834 
260075 
292844 
260081 
260086 
292854 
292866 
260099 
276483 
276485 
292869 
292871 
276490 
292876 
292879 
276499 
292885 
276503 
292888 
292892 
292897 
260132 
276519 
260149 
276547 
260164 
276549 
276554 
276566 
292956 
260195 
276582 
260206 
260209 
292980 
260231 
260241 
293024 
260259 
276643 
260262 
276651 
276653 
276659 
276665 
293053 
276672 
293056 
260290 
293058 
293061 
260313 
260322 
276709 
260330 
293102 
260335 
293105 
276725 
260342 
293117 
276738 
276744 
276745 
276747 
276748 
276751 
293137 
293144 
260382 
276767 
276769 
260389 
293158 
276780 
276783 
276796 
260418 
260421 
260430 
260439 
293207 
293210 
276836 
276838 
260459 
276848 
260472 
260474 
293249 
276867 
293252 
276874 
260491 
276876 
293260 
260494 
293263 
260498 
260501 
260504 
293274 
293278 
293280 
276897 
260519 
276904 
276906 
293290 
276909 
276912 
260530 
276917 
276919 
293305 
260539 
276930 
260548 
276933 
260551 
260552 
276936 
276943 
276946 
276956 
276959 
260577 
276962 
260580 
260582 
276967 
276970 
276973 
276974 
293362 
276979 
260597 
260599 
293371 
293373 
260609 
276998 
293382 
276999 
260617 
293386 
293391 
260626 
293394 
277013 
293400 
277017 
260636 
277025 
277027 
293413 
260648 
293419 
293421 
277038 
277041 
277043 
277045 
277047 
293437 
260670 
260673 
293444 
293449 
277069 
260686 
277070 
293455 
277081 
293465 
277083 
260706 
277094 
277097 
260720 
293490 
293492 
260730 
260740 
277125 
277126 
277128 
260745 
260746 
277130 
260749 
277133 
260752 
277136 
293520 
293523 
260759 
260774 
277158 
260775 
277161 
277164 
277167 
277170 
277171 
293560 
260795 
293568 
293570 
260804 
277189 
277192 
260810 
293580 
260819 
277205 
260823 
293597 
260834 
293602 
260836 
277220 
293608 
277225 
293612 
277232 
293617 
260852 
293621 
277242 
260861 
277246 
260870 
277258 
293648 
293651 
293654 
293656 
277274 
277281 
293665 
293668 
277287 
293675 
277292 
293677 
277294 
277297 
293681 
277299 
277307 
277308 
260936 
277337 
277339 
260956 
277341 
260958 
277345 
293731 
260965 
260975 
260977 
277366 
293750 
260984 
277371 
293757 
293759 
260992 
260995 
277386 
277390 
261007 
293775 
277393 
261010 
261013 
293788 
277408 
261029 
293799 
261034 
293805 
277422 
277427 
261045 
261048 
293817 
261051 
277435 
293819 
277438 
277439 
261059 
293827 
277445 
293831 
261069 
261072 
261077 
293845 
277462 
261080 
261083 
261086 
277471 
277475 
261095 
293866 
261102 
277488 
293874 
277502 
293891 
261135 
277520 
293905 
277524 
293908 
293915 
293920 
277540 
261159 
277543 
293927 
277544 
277546 
277547 
293931 
293935 
277561 
261187 
277573 
293957 
293962 
277579 
261199 
293967 
277584 
261201 
277595 
293979 
261220 
277605 
261223 
293992 
261231 
277616 
277618 
261247 
277632 
261249 
261252 
261255 
294025 
261270 
277655 
294040 
294046 
294049 
277670 
294060 
261297 
277685 
261302 
261309 
261312 
294080 
261315 
294086 
261320 
294090 
277707 
277711 
277713 
261333 
261338 
261341 
261344 
294112 
261346 
294115 
261349 
277738 
261356 
294124 
277741 
294126 
261371 
294140 
294144 
261382 
261385 
261388 
277775 
277778 
277784 
277786 
261404 
277788 
294176 
277799 
277801 
261422 
277808 
277809 
261426 
277811 
261428 
277812 
277813 
294198 
294202 
261443 
294211 
277828 
261446 
277831 
261448 
294218 
277835 
261453 
245080 
294236 
261471 
277856 
261478 
277862 
277865 
261483 
277867 
261485 
277871 
261493 
294264 
261498 
261506 
277892 
261514 
277903 
294293 
261527 
294295 
277914 
294298 
294299 
294300 
245150 
261536 
245154 
261541 
294310 
294312 
245161 
294315 
261548 
277937 
261565 
294334 
261568 
277952 
277957 
294345 
261578 
277963 
294348 
245199 
261583 
294351 
277969 
245203 
261587 
277974 
294360 
294362 
294365 
261600 
294368 
261601 
277985 
261606 
294375 
277994 
294383 
294385 
278003 
294387 
294396 
294398 
278017 
294401 
261634 
294402 
261637 
261638 
278023 
278029 
261648 
278032 
294418 
294424 
294427 
294433 
278051 
294435 
261679 
278070 
294455 
261688 
261690 
278078 
261695 
294469 
245323 
261708 
261714 
278098 
294484 
261717 
294490 
294493 
261731 
278117 
261735 
294507 
261740 
278125 
294510 
278127 
261744 
294513 
261749 
278134 
261752 
261755 
294526 
261760 
294528 
261763 
294531 
278150 
261768 
278152 
278154 
294538 
245388 
261772 
278156 
294540 
278159 
261776 
278162 
261779 
261783 
261787 
261790 
294569 
261807 
261811 
294579 
278196 
261813 
261816 
294584 
278202 
294587 
261820 
278208 
294597 
261830 
294599 
261833 
278218 
294603 
278226 
278230 
294616 
261850 
278235 
261852 
278237 
294621 
261859 
294628 
261861 
294630 
278247 
261864 
261866 
294636 
261871 
294639 
261873 
261875 
261876 
245501 
278271 
245507 
294662 
294665 
294666 
261899 
294668 
261901 
261908 
278293 
261916 
261918 
261923 
278309 
261927 
278311 
278314 
294698 
261932 
294701 
294705 
278322 
278323 
278324 
261942 
294715 
261952 
278336 
261954 
294728 
278346 
294735 
261969 
261971 
294739 
261978 
245596 
245599 
294753 
278372 
294758 
261991 
278377 
261995 
278380 
294764 
261998 
294766 
262002 
278388 
262005 
262011 
262017 
262025 
278410 
245646 
262030 
262034 
294802 
294808 
245659 
262045 
278429 
245663 
245666 
262051 
262052 
294838 
294839 
262072 
294840 
262074 
278458 
294845 
262078 
245696 
278466 
245700 
294853 
262086 
278471 
294855 
294857 
294859 
262097 
294866 
262100 
294870 
278487 
262105 
278489 
294873 
262107 
278491 
262110 
262113 
278497 
278498 
262115 
262118 
294888 
262121 
294891 
294892 
278513 
294897 
294898 
262139 
262141 
294910 
)

// ************************************************************************* //
