/*--------------------------------*- C++ -*----------------------------------*\
  =========                 |
  \\      /  F ield         | OpenFOAM: The Open Source CFD Toolbox
   \\    /   O peration     | Website:  https://openfoam.org
    \\  /    A nd           | Version:  13
     \\/     M anipulation  |
\*---------------------------------------------------------------------------*/
FoamFile
{
    format      ascii;
    class       faceSet;
    location    "constant/polyMesh/sets";
    object      iface_shell_outerfluid;
}
// * * * * * * * * * * * * * * * * * * * * * * * * * * * * * * * * * * * * * //


1734
(
4099 
3 
8196 
4101 
12293 
8199 
12296 
4106 
8204 
8205 
4110 
8211 
12310 
12313 
4128 
4132 
8229 
8232 
12334 
8239 
8242 
4149 
12343 
8254 
4159 
8257 
12354 
8259 
12359 
4171 
12365 
78 
12367 
4179 
8275 
8280 
4187 
12379 
12381 
8286 
8288 
4194 
8296 
8297 
4205 
8302 
12398 
12399 
4207 
118 
4220 
8316 
124 
12414 
12415 
8321 
4232 
8328 
12425 
8333 
8339 
8341 
12439 
12444 
8359 
12455 
4265 
12458 
8364 
12460 
12464 
4274 
8370 
12470 
4280 
12475 
12476 
4285 
191 
8384 
8385 
12481 
4291 
8391 
4296 
12489 
8395 
12491 
12496 
4306 
8406 
12506 
218 
4315 
8415 
8420 
12523 
12526 
12534 
4346 
250 
12538 
4349 
12543 
257 
8450 
4359 
12554 
4364 
12558 
4369 
273 
12562 
8467 
8468 
276 
8472 
284 
12573 
288 
12577 
12580 
296 
8490 
4396 
300 
8494 
12591 
12595 
12596 
12600 
12604 
12606 
4414 
12607 
4418 
4421 
8521 
330 
12620 
8524 
12623 
12625 
342 
8534 
12631 
12634 
12635 
12636 
8540 
8545 
8551 
12650 
8556 
8557 
367 
8562 
371 
12659 
8566 
381 
12670 
12672 
388 
392 
395 
8589 
12685 
399 
12688 
4497 
8594 
4501 
8599 
407 
12696 
4519 
8618 
426 
4526 
12721 
12729 
4540 
12734 
12746 
12748 
4558 
462 
12759 
8664 
8667 
8669 
12767 
479 
483 
12771 
12773 
486 
4584 
490 
496 
12791 
8699 
4605 
12810 
12811 
4620 
12813 
4623 
528 
8723 
8724 
4629 
8727 
4632 
12824 
538 
8731 
542 
12830 
4642 
4645 
8742 
12843 
8748 
4659 
12851 
12853 
12855 
12860 
4672 
12865 
578 
583 
4680 
4684 
589 
12881 
12883 
12886 
600 
12895 
8800 
609 
8803 
612 
12901 
12910 
622 
8816 
626 
4723 
12917 
630 
12919 
4730 
12922 
4733 
640 
12929 
8834 
12931 
4741 
8844 
12943 
8850 
4759 
668 
12957 
12958 
12962 
8866 
677 
12967 
681 
12972 
4785 
12978 
12980 
4798 
12991 
4801 
12994 
8899 
8900 
8907 
716 
13006 
13008 
723 
13011 
8915 
8919 
8921 
13017 
13019 
13022 
8926 
13025 
8930 
8937 
8942 
13038 
13039 
13041 
4849 
8946 
8948 
13044 
13047 
13048 
13050 
13052 
8959 
13057 
8963 
772 
8970 
13066 
13068 
13073 
4885 
13080 
13085 
13087 
13092 
8997 
9000 
810 
812 
13104 
13106 
9011 
4916 
13109 
9013 
13110 
9015 
824 
13113 
9017 
9019 
828 
13116 
831 
9029 
13126 
13127 
9032 
9034 
4940 
13136 
13137 
13140 
9044 
13142 
4952 
13148 
9056 
13152 
867 
9060 
13159 
9065 
873 
877 
9072 
887 
4983 
4986 
13179 
9084 
899 
9092 
13189 
9095 
5003 
5006 
13199 
913 
9110 
13207 
9113 
13209 
13210 
9115 
13212 
13215 
9120 
13219 
5028 
13221 
5032 
13224 
13225 
13226 
5037 
941 
13229 
9134 
13235 
9145 
954 
9147 
13244 
9150 
13246 
961 
13252 
13253 
5063 
13256 
968 
972 
5069 
975 
9169 
9170 
13267 
5079 
13272 
9180 
9182 
992 
5091 
999 
13288 
9194 
1002 
5099 
13291 
9196 
13295 
5107 
13299 
1011 
9206 
13303 
13304 
13305 
13308 
5117 
1022 
13311 
5121 
13314 
5128 
13322 
1035 
13323 
5134 
13326 
1039 
9232 
5138 
13331 
13333 
13335 
1048 
13338 
13340 
1052 
13343 
9248 
1056 
13345 
5156 
13348 
9254 
13350 
9256 
5164 
13356 
13358 
9262 
5172 
13368 
9273 
13369 
9281 
9285 
13382 
1097 
9294 
13391 
13392 
5201 
5204 
13397 
9303 
13399 
13401 
1118 
13407 
5219 
9318 
1126 
13414 
13416 
1130 
13418 
9329 
13426 
1140 
9333 
9340 
5245 
1158 
13448 
1161 
5261 
1165 
13459 
13471 
9376 
5285 
9381 
5286 
5289 
13483 
13489 
1202 
5299 
9399 
13496 
9407 
5312 
5314 
13507 
5319 
9415 
13513 
13516 
1230 
13524 
13527 
1247 
9442 
9446 
13545 
5356 
13549 
9455 
5359 
13553 
5363 
13556 
9466 
9470 
13570 
13572 
9480 
5385 
9482 
9483 
5388 
1301 
13591 
13595 
5405 
9501 
13598 
13600 
13603 
9508 
13604 
13610 
13612 
9518 
5422 
13615 
1327 
9520 
13616 
5428 
9524 
13620 
13624 
1338 
9531 
5436 
13628 
1341 
9534 
9539 
5445 
9542 
13640 
1352 
13642 
13643 
9549 
9555 
13653 
5464 
13657 
13663 
13665 
5474 
5475 
5478 
13673 
1386 
13678 
9584 
1395 
13685 
13687 
5499 
5503 
5507 
1412 
9609 
9610 
1418 
5515 
9612 
9613 
9618 
1427 
9623 
5528 
13723 
9627 
13725 
5533 
9630 
13726 
1439 
5536 
5537 
13731 
13732 
1446 
13734 
9641 
5546 
13749 
13750 
5558 
9657 
5565 
13758 
9664 
13764 
5575 
1481 
9674 
13770 
5581 
5582 
13774 
13775 
9680 
9683 
1492 
13781 
5592 
9689 
13785 
9691 
13794 
13796 
5605 
13799 
13802 
9707 
9713 
1521 
13812 
13815 
5628 
13821 
9727 
13823 
9730 
13826 
1539 
13827 
13830 
9736 
9739 
13835 
5644 
5645 
9743 
5652 
9757 
13853 
13856 
13858 
13859 
13861 
13864 
13867 
5676 
1580 
9772 
5677 
13869 
9775 
5683 
5689 
1598 
9791 
13888 
5704 
13900 
5708 
13901 
13905 
5714 
13906 
9810 
13910 
9816 
5722 
9821 
5726 
13918 
13922 
9827 
9828 
13924 
9831 
1641 
5738 
9835 
13931 
13934 
9838 
1648 
13937 
5745 
9846 
1655 
13943 
9850 
5755 
1659 
13947 
5757 
13950 
9855 
1663 
13952 
13954 
1667 
9861 
1671 
5770 
13967 
1679 
13968 
13970 
13972 
13979 
1692 
5788 
13982 
13983 
13984 
5794 
5797 
13990 
13995 
9901 
1711 
5808 
14002 
9907 
9910 
1719 
1725 
14018 
1733 
9925 
14023 
9928 
1737 
5836 
14028 
1743 
14032 
14035 
9939 
1747 
14037 
14038 
14042 
5852 
14050 
14051 
5862 
5865 
9964 
1773 
14065 
1777 
9970 
14068 
14069 
1781 
14070 
9976 
5882 
14079 
1794 
14082 
5891 
9991 
1800 
5896 
5899 
10000 
14096 
1812 
10004 
10007 
10008 
10013 
10014 
1822 
5919 
1829 
5927 
14121 
1833 
10031 
1840 
10033 
1842 
14131 
10037 
10038 
14135 
10040 
1850 
14139 
5948 
1854 
1858 
10050 
1862 
10058 
5965 
14158 
10062 
1875 
10069 
14167 
5976 
10072 
1881 
5977 
10075 
10076 
10077 
14173 
5983 
14177 
1893 
14181 
5989 
10086 
10088 
14184 
10090 
5994 
5997 
10094 
10098 
6004 
6007 
10108 
14205 
1918 
10115 
14211 
10117 
10120 
14218 
1930 
6028 
1933 
10126 
1936 
14226 
10132 
14229 
6039 
1946 
6044 
10142 
1952 
10144 
6055 
14248 
10155 
6059 
10158 
14257 
6068 
6069 
1973 
14264 
14267 
6076 
10173 
14271 
6083 
10179 
14278 
10183 
14280 
14282 
6094 
1999 
10193 
14291 
10197 
2006 
6103 
14298 
10202 
10205 
6110 
14302 
6112 
2017 
14313 
10218 
2026 
6127 
6133 
2039 
14327 
6140 
10239 
6144 
10242 
10243 
10248 
6153 
2057 
14346 
10257 
14354 
14355 
14358 
10264 
2074 
14363 
2077 
14367 
10274 
10278 
14374 
14377 
14381 
6190 
14383 
6195 
2103 
10298 
2107 
14396 
14398 
2111 
10303 
14400 
10304 
6208 
2114 
14405 
6213 
14406 
14412 
6224 
2128 
10321 
6227 
2132 
14425 
10331 
6235 
10332 
10333 
14430 
14432 
14434 
10340 
2149 
14440 
6251 
10349 
10350 
14448 
6257 
10354 
14451 
14453 
10364 
2173 
14462 
6270 
6280 
14473 
10377 
14475 
2188 
10381 
14477 
2190 
10385 
2194 
10388 
10392 
14489 
6299 
10396 
10397 
14496 
10401 
2212 
10404 
2216 
6313 
14507 
14511 
2225 
14520 
2232 
10428 
2239 
6335 
10432 
6339 
6341 
14537 
10444 
14540 
6351 
10451 
2260 
10453 
10460 
2269 
14557 
10466 
6371 
6375 
2280 
10477 
6383 
10479 
10483 
6390 
2297 
2301 
10495 
2305 
2308 
6410 
6412 
10508 
6415 
6417 
10514 
6420 
2327 
2341 
10537 
10539 
14638 
10543 
14641 
2355 
10547 
2359 
14647 
14649 
10554 
2369 
10562 
2372 
14661 
14662 
10568 
2376 
14667 
14669 
10578 
6485 
14677 
10582 
6492 
14692 
10606 
6511 
10617 
2425 
6521 
14717 
10622 
10626 
6530 
14725 
14727 
10634 
2443 
2449 
6545 
2452 
6550 
14743 
6552 
14747 
2460 
10653 
6557 
10656 
10658 
10665 
14763 
14767 
6580 
10678 
14775 
2493 
10687 
6594 
10690 
10692 
10693 
6597 
14791 
10696 
14794 
10699 
2508 
6608 
2514 
10708 
2521 
10715 
14813 
10718 
14815 
10724 
10729 
2540 
6638 
10738 
6643 
14836 
6647 
14841 
10746 
14845 
6654 
10753 
6659 
2566 
6662 
6668 
6671 
2577 
6679 
2584 
2589 
14879 
2592 
2599 
10793 
6699 
14893 
2607 
6704 
10801 
6706 
14900 
14906 
2622 
10816 
14913 
10818 
14922 
14923 
10827 
2637 
14927 
6735 
2640 
14930 
10835 
14933 
10840 
14938 
14941 
14945 
10850 
14948 
6759 
14952 
2664 
14956 
6765 
14960 
10864 
2674 
14965 
10870 
6775 
14970 
6779 
14975 
10879 
14976 
6786 
2691 
10884 
2694 
6791 
2699 
10892 
6799 
2703 
10897 
6802 
14995 
10901 
6808 
6810 
6812 
10913 
10915 
2731 
6829 
2737 
6836 
10938 
10941 
10945 
10953 
10962 
15059 
15062 
6872 
15067 
2779 
10973 
15069 
15073 
15074 
2787 
10979 
15078 
15081 
2793 
10986 
6892 
10988 
15085 
10989 
2799 
15087 
10992 
15092 
15096 
11001 
6907 
11004 
2813 
15102 
2815 
15106 
15110 
2824 
15114 
6922 
11020 
15116 
15119 
2833 
15123 
11029 
15130 
6939 
15132 
2846 
15135 
11040 
6946 
2851 
15143 
2859 
11051 
2862 
15150 
6965 
15163 
6973 
11069 
15167 
2880 
6976 
15171 
6979 
15176 
15181 
2895 
2902 
6998 
11099 
11106 
11111 
2921 
7019 
11118 
2927 
7027 
11129 
11130 
7040 
2951 
11146 
7054 
2959 
11153 
2962 
2964 
11167 
7071 
11173 
2982 
11176 
7085 
7091 
11190 
7096 
11192 
7100 
7105 
7110 
7116 
11212 
7118 
7120 
7123 
7125 
11222 
7133 
7135 
7138 
11234 
11236 
7142 
11241 
3053 
11245 
3067 
11265 
7171 
11269 
3081 
11276 
11283 
11289 
11292 
7197 
11295 
7202 
11300 
11307 
7214 
3119 
11318 
11323 
7231 
11329 
7240 
11337 
11339 
7244 
11340 
3149 
11352 
3161 
3164 
7261 
3167 
11359 
7270 
11367 
7273 
3181 
3184 
11377 
7281 
11381 
11384 
7289 
3197 
3200 
7297 
11396 
7301 
11398 
3207 
7304 
7306 
3211 
3217 
11411 
11415 
11421 
11424 
3234 
11428 
11432 
7341 
3251 
11443 
7352 
3257 
11453 
11460 
3270 
11467 
3277 
7380 
11476 
3290 
3294 
7394 
3299 
11493 
3303 
7401 
3307 
11503 
7408 
11506 
3314 
7418 
3324 
3326 
3328 
11522 
11525 
3334 
11527 
3337 
11530 
11534 
11542 
7448 
11545 
7452 
11548 
7456 
3361 
11555 
7463 
11561 
7466 
11564 
7469 
3379 
7475 
11571 
11572 
3383 
11577 
11578 
3387 
11581 
7485 
11588 
11589 
11590 
3402 
11594 
7498 
11596 
7502 
3406 
11600 
7507 
7508 
3416 
11609 
3420 
11616 
3430 
3435 
11628 
11635 
3444 
7544 
11645 
7551 
11649 
11653 
11659 
7564 
7566 
7567 
3473 
11667 
3476 
11669 
11671 
3481 
11673 
3484 
3486 
11678 
11683 
3492 
7594 
11691 
3501 
11695 
7600 
11697 
7603 
11702 
3511 
7610 
11706 
3516 
11713 
7618 
7622 
11718 
7637 
11734 
11735 
3544 
7640 
3549 
3554 
7650 
11750 
7654 
11770 
11773 
7680 
7682 
7685 
11785 
7694 
11793 
7701 
3614 
11808 
7713 
11810 
3618 
7723 
7724 
3629 
3633 
7731 
3636 
7734 
11830 
3639 
7738 
11836 
7741 
3646 
11839 
11840 
11844 
7750 
7753 
7767 
7774 
7775 
11874 
7779 
11880 
11885 
3694 
11894 
7802 
3708 
7805 
11901 
3715 
3718 
11910 
7818 
3722 
7819 
3728 
3732 
7828 
11926 
11927 
7833 
11930 
3743 
11936 
3748 
11944 
3759 
11951 
11956 
3772 
11966 
11969 
7881 
3786 
11982 
3793 
7889 
11987 
7891 
11988 
11990 
3798 
11992 
7897 
7898 
11996 
11999 
7905 
12002 
12006 
7910 
12010 
7920 
12018 
3828 
3831 
3835 
12028 
7932 
12031 
12035 
7943 
7948 
3854 
12047 
12048 
7957 
12054 
7962 
3866 
12061 
12067 
3876 
7972 
3881 
12074 
7979 
12076 
12080 
3889 
7987 
12087 
7992 
3898 
12095 
12105 
12107 
3917 
12111 
8017 
12119 
8024 
8027 
12132 
8037 
12135 
8040 
8041 
3948 
12145 
12150 
8064 
8070 
3976 
3983 
8081 
12177 
3987 
8083 
8094 
12192 
4004 
12196 
4008 
12201 
8107 
12203 
8111 
8114 
4020 
12215 
8124 
4030 
12223 
8128 
8129 
12225 
4034 
8133 
12241 
8146 
4053 
8150 
12248 
4059 
8155 
12251 
4060 
12253 
8158 
4063 
4068 
4076 
4079 
4082 
12276 
12277 
8184 
12283 
12285 
8190 
)

// ************************************************************************* //
