/*--------------------------------*- C++ -*----------------------------------*\
  =========                 |
  \\      /  F ield         | OpenFOAM: The Open Source CFD Toolbox
   \\    /   O peration     | Website:  https://openfoam.org
    \\  /    A nd           | Version:  13
     \\/     M anipulation  |
\*---------------------------------------------------------------------------*/
FoamFile
{
    format      ascii;
    class       labelList;
    note        "nPoints:2530  nCells:7590  nFaces:17649  nInternalFaces:12711";
    location    "constant/solid_shell/polyMesh";
    object      neighbour;
}
// * * * * * * * * * * * * * * * * * * * * * * * * * * * * * * * * * * * * * //


12711
(
21
1112
6632
16
4990
6654
6655
51
92
177
29
1569
6871
395
6666
6669
7240
120
6344
6646
648
5218
5379
647
5217
5380
1844
2621
4791
50
62
5198
3290
6158
7204
152
210
4042
585
3362
4957
656
3962
4145
976
1324
6700
136
414
4960
6632
6704
86
108
3548
6646
4466
4558
7266
499
631
1667
36
42
193
5834
122
1450
6704
45
6639
6691
70
93
468
43
523
6931
162
4812
5725
4931
6324
6724
1324
2239
4415
135
4894
5952
71
6662
6731
31
105
4123
7216
104
3823
109
2764
6512
57
133
4299
2024
6020
6815
475
720
4953
38
558
384
487
5191
306
684
2217
6556
6640
6653
74
639
6218
7217
194
402
6832
68
2640
3380
560
582
108
152
270
6645
1124
6631
6676
271
559
6759
88
310
5504
263
313
687
6685
184
468
6564
4710
5117
126
176
202
490
5758
5974
137
163
650
414
781
1450
520
3859
7303
91
115
330
128
1412
2925
108
363
5547
6645
150
163
354
97
5963
6830
481
2671
5897
218
5780
6578
6652
6694
1029
1053
1684
300
383
6049
301
309
6085
302
400
6094
304
518
739
4301
6715
465
2964
5682
1569
7210
117
463
1695
6680
143
187
6701
1029
1057
198
759
6178
438
3412
5476
80
120
402
859
710
1166
6765
154
671
977
4221
194
351
82
89
4614
6706
116
2967
3435
4492
6970
219
401
6959
243
600
775
120
6756
1135
3436
4497
1786
2534
99
275
235
425
479
178
764
5233
127
466
184
2040
425
596
1035
559
747
3711
331
1249
5931
6667
220
6474
6775
131
192
1522
1831
116
129
3784
585
711
4601
1301
2149
2428
439
5462
6176
343
415
616
105
523
5945
6488
871
1938
3203
976
1010
2621
331
7150
7259
350
3551
4760
740
2990
6930
225
305
6990
2730
6382
6801
458
6677
7223
7224
291
377
5809
368
4040
127
129
467
179
480
711
5221
130
3412
4811
4088
6703
1787
3586
4500
381
1903
2234
157
5231
5489
127
382
5367
190
5633
466
5809
939
3695
6672
2116
6761
633
5312
5868
190
462
6717
973
4694
4908
5034
5544
5544
7270
354
4358
150
644
1538
160
167
200
3835
262
4590
6809
2940
3922
6906
776
1551
2017
2051
6588
6676
2305
4577
5356
261
470
494
6747
273
3603
5862
1043
1550
1613
745
1301
1551
431
4656
6771
578
2155
5476
5690
7263
454
835
171
261
364
4576
2214
2488
307
343
789
689
1381
7089
1927
7032
378
399
6811
4487
5733
6905
556
1106
3805
5859
6971
4819
5733
6032
6707
460
2779
5473
618
4233
4577
3812
5860
6957
508
716
271
440
871
224
263
6619
6685
602
1220
4300
4109
6070
291
5022
6942
725
1220
2131
686
849
7096
616
1046
3201
177
224
325
6477
5771
7092
804
4727
2157
3413
4001
342
1588
3565
367
497
1510
428
1285
3888
6643
388
587
330
3912
6856
2387
4263
5298
1432
6353
6716
431
1544
3684
1929
3551
7017
2301
681
5155
5505
2620
4826
558
4659
700
6054
971
1667
2228
260
2181
5905
2596
4760
4945
3765
5685
310
1654
3534
370
6210
469
2995
5801
382
6368
1013
6789
6826
662
1181
3053
417
596
1022
643
2671
4026
351
859
2122
4937
6902
7241
2132
4124
4528
416
2481
6614
719
5451
7094
4731
6067
6740
4732
6066
6735
348
4733
6069
347
4734
6068
226
332
3706
437
638
4020
762
1862
6733
323
524
6479
307
6831
750
1185
3067
1613
2149
6882
355
497
499
6532
1633
2319
3203
306
6083
5260
7051
7159
5258
7046
7228
5269
7061
7156
5268
7056
7183
5868
6000
7305
267
3109
5170
343
471
2898
235
363
4135
4653
5163
5272
7071
7164
5271
7066
7186
3252
4924
6061
5290
7081
7194
5280
7076
7170
2987
5943
6635
352
4400
4822
7588
339
657
4891
1902
3022
5894
371
4931
6752
4506
4536
7050
4451
4537
7055
654
1955
3955
4481
4530
7070
4531
4538
7075
645
2598
6485
2392
3661
4612
2391
3662
4613
264
2987
5939
437
620
2428
556
829
3835
349
451
6703
367
3116
3823
4513
6483
6730
662
4445
7307
293
442
2481
325
362
379
3516
441
2472
7126
942
2527
4895
5414
6450
274
394
592
280
2072
3317
6164
6646
990
5676
3025
3542
7034
1678
6209
352
755
2859
298
521
581
289
303
4767
5179
376
4921
6531
641
889
3464
349
451
6062
1814
3543
443
516
2991
306
332
1527
1495
4460
4802
2450
3413
4508
393
564
887
1135
2309
2747
2317
2752
6970
654
1602
6783
6296
6791
4911
5744
7262
836
5762
311
599
3048
6584
416
6810
486
4389
5411
296
468
1009
6451
717
741
4499
298
332
5510
4115
2180
6174
6855
5821
5886
5575
5850
5586
5843
382
6792
315
3579
4682
569
819
2648
1244
2898
3171
399
556
829
2947
3140
890
2349
887
1955
365
5130
5823
563
1800
335
1337
5010
3076
5576
3162
5361
5505
354
373
6549
6058
6473
6803
633
1377
3467
2102
6175
6847
2258
4337
4945
4895
4999
6939
2715
6958
1038
1766
5420
4080
355
499
6006
328
385
5389
479
6548
384
797
6402
764
5762
5952
860
344
4140
7273
1043
2132
4595
1561
5406
395
6398
6669
2351
3621
3991
655
5587
6290
1514
2649
456
593
6709
367
495
863
397
3398
5783
5255
1117
5924
6679
3884
4453
7035
485
3489
4141
5626
7001
5625
7004
412
5992
2148
2157
396
6054
5229
703
2263
7027
5362
560
5793
635
2603
4578
4973
1794
3101
6064
564
632
1046
789
1199
3171
6762
2757
3095
5380
2758
3096
5379
2534
6693
1170
5601
4268
7308
1270
4860
1117
2888
6678
6679
3527
6588
6702
472
1567
1606
716
1089
5926
2217
6653
6750
720
777
6369
518
5346
1222
5317
6112
2322
5204
6337
1017
3341
836
5901
6983
680
1908
6623
6694
456
1835
6119
4330
5515
6727
5179
3782
4064
3425
5557
409
610
5478
1479
5097
5312
493
654
5475
788
1451
6797
392
514
6283
567
3537
6061
568
3261
6391
1181
6501
3583
4368
3232
4894
1084
6497
459
6589
538
5137
4905
6569
6656
7267
1219
4000
3734
3795
525
1281
6625
6410
3143
3727
5222
911
1842
5805
407
2575
2656
433
2572
2657
2573
2658
503
3069
4283
2246
4909
723
2096
6714
739
4181
7218
626
5722
4556
4937
5103
3221
6056
471
5524
6712
454
1319
3980
4413
1028
1251
1781
779
6303
6745
2870
2889
4477
5223
6121
7080
5230
6122
7085
5228
6137
7060
5227
6138
7065
917
4702
3888
6038
6643
6767
668
1670
3473
1447
5765
2148
5466
5722
3799
4761
7115
3638
5327
662
2238
3182
2710
2805
608
626
1929
522
5430
6292
514
1780
6773
725
1672
2010
6459
5761
6290
2131
2305
3887
4829
4690
6447
459
539
1583
502
1166
5812
6038
6760
6767
448
4731
6067
449
4732
6066
4733
6069
4734
6068
537
1381
4021
1786
5861
5373
6626
7211
677
4975
5041
3992
506
1036
4230
1864
5080
642
4510
6146
3322
3471
2122
3677
6904
805
1684
3983
2301
6506
4040
4766
7224
6519
6827
7028
468
1009
6274
1105
4126
834
3818
2412
4576
6035
3076
5545
566
5387
6158
1364
4237
5378
777
2342
732
798
965
5221
6755
6894
610
690
6411
1807
4851
582
5082
5829
5024
6126
3435
4531
6686
3436
4530
6675
665
738
922
1620
1787
2940
4994
5598
797
2420
4086
4157
5640
3134
4444
5194
1053
3116
1992
4999
5517
1418
5409
5525
6783
6988
568
6748
497
6505
841
4949
6790
6472
520
883
914
5748
565
2424
4709
541
1709
5096
531
6540
2866
4141
809
3252
4275
1727
4231
5325
3201
5667
3178
4298
4754
1106
6413
3661
4537
6650
3662
4536
6682
4897
5411
6881
2409
2424
6813
972
6609
6903
704
4678
631
804
919
606
2300
5153
2666
3217
4300
814
5301
4298
5504
7290
988
5142
4115
4614
1487
6449
2765
5643
525
6598
934
2028
4255
6018
972
1058
4005
3464
3530
6096
825
3036
7004
826
3035
7001
5299
5431
625
763
1375
2813
3235
3390
4891
5003
6868
799
3066
6739
800
3065
6736
1337
5707
3101
6166
1164
1649
949
3377
4707
561
6563
3349
4642
6736
3348
4641
6739
549
3232
7271
2186
5933
6996
849
2472
6388
1800
6234
6685
674
807
1274
951
2288
3989
790
833
1163
688
2442
4284
732
746
1332
697
4812
6237
574
4950
5636
3030
3215
4401
5039
767
1727
6387
2116
5773
1824
5791
3575
3663
2221
3141
710
3684
6203
3059
3838
6865
3933
5988
4657
6814
719
2519
2024
3362
2412
2239
3711
1342
1660
2964
824
1008
5157
708
876
3013
3037
4021
4949
5664
6966
4552
6785
6786
6851
6663
6664
6669
770
966
2968
948
6032
686
1444
5232
746
806
852
3784
5510
3663
5156
2017
2168
3518
2137
6126
6854
5832
6399
624
679
7091
1451
2507
1412
4581
6539
6870
771
1000
3027
938
5376
6378
1036
3583
5516
755
2698
6665
1864
4057
4198
5198
6071
7021
981
1458
3307
3980
6432
784
1014
2976
749
5884
6387
1030
2242
1122
6100
6796
640
772
870
745
4728
6124
889
4832
5024
5018
6126
6853
632
956
4175
6828
2562
3716
1318
4389
5598
1624
1677
2705
752
807
1233
6496
6631
6671
7221
756
1812
4669
946
1490
2422
979
3315
6835
772
790
1457
5042
5927
727
847
931
1578
2479
4910
5813
1020
1446
3255
1938
2387
794
862
1350
1612
4790
7588
856
4137
4429
3226
5319
795
912
1677
5315
2866
3941
4832
629
2198
7287
2195
5313
1408
2137
3530
899
6006
670
5150
4204
5455
977
3728
6721
681
3672
1856
4337
5378
744
2350
5957
725
4338
1057
6573
912
1492
5425
5729
730
6891
3586
3941
948
1828
6256
7118
827
1034
1472
1352
3095
3263
1353
3096
3126
3406
5152
7255
6258
6707
872
3540
5217
874
3541
5218
752
798
1240
3162
5962
6396
6658
1092
2014
5452
5604
6177
703
5889
6728
3496
5189
5647
666
4732
6448
667
4731
5100
5357
674
1077
6885
4904
5768
6678
6716
829
3879
4734
7147
4733
7145
1005
3564
4586
727
847
1584
1046
3089
1048
6288
6857
1122
3340
6960
2979
4142
4895
1088
1321
1142
1334
1944
2955
1272
3174
6845
6522
6787
3405
4992
5516
1106
6590
1568
4000
5416
4436
5739
879
3537
5344
737
855
6868
1244
5773
6212
994
1781
3922
4157
5168
4080
5459
4402
5517
837
1893
2246
3430
5696
1215
5022
5102
2396
4716
5541
1068
2000
4021
4949
1510
3790
4039
1351
6568
6779
2952
6237
6401
4819
5652
2308
5156
6931
1438
1934
2812
3053
6833
2703
3753
6818
3069
4091
5852
5278
6014
1780
6283
843
1284
3017
1067
1104
1462
1342
5904
6841
1033
1159
3023
776
811
1550
5902
6028
5829
5832
1639
6161
7131
4554
4928
5797
754
1374
1801
2937
1171
3178
4508
6192
4546
6404
920
3912
5568
6572
7201
3006
6117
1292
1958
4306
817
4958
6352
741
4885
5206
787
1209
1748
6886
6045
763
848
3536
1526
768
961
1607
1632
3407
5256
6494
6811
1530
3378
5254
1093
1287
3277
4210
5472
4231
5808
7294
833
935
1407
2911
3658
6824
775
3308
4900
4930
1211
5593
999
4852
6317
3455
1656
1844
6723
4615
5925
7316
2297
6495
4401
1259
1999
1695
6260
6680
4169
5406
6852
1727
4754
2846
4779
4781
831
1024
3087
1131
1271
4981
6946
7542
910
1493
5914
1454
2684
3763
933
1898
2823
3007
1091
1715
2161
1925
4460
1003
1990
5149
1004
1991
5032
5198
7173
1167
2101
3268
2079
3476
3537
1378
1471
6877
4231
4767
857
929
1194
1007
1213
6868
1203
1331
3197
898
1245
3113
1248
2006
1671
2434
2515
865
1273
1569
3600
4891
1796
5071
4170
5955
3067
6157
6893
788
6798
816
1415
1957
6843
812
3221
5141
2489
2742
4824
844
1357
3155
1206
1335
2983
1052
1289
4180
832
1197
2890
813
1082
6189
2875
1127
1311
855
4223
5495
3246
4650
4886
3247
4887
6031
838
1172
1369
1026
1266
1361
864
989
4210
5214
4354
5956
1271
1287
3348
6137
3349
6138
2128
5520
6018
1068
6415
6790
892
2031
2243
4273
5082
5300
6337
1314
1940
1088
1131
4376
6380
6495
6020
6166
969
2082
2325
1222
2454
6484
2705
5360
1085
1399
2640
5346
939
5744
7263
1239
1526
4881
5669
937
3109
3749
1633
4462
1914
2125
2177
3459
4591
4671
4592
4670
5395
947
2444
5954
6941
1563
2126
5460
3469
6121
3470
6122
1064
1535
1986
4819
5652
5889
922
1810
6398
6663
1140
1177
3013
1099
1242
4914
1311
1536
956
6829
3992
6164
4652
1006
2489
4564
1034
1651
1544
6169
6821
1058
2518
6869
2756
3904
6789
1942
4275
4872
923
1497
2941
1072
1476
3033
1590
2632
2717
1303
1587
2099
1065
2154
1125
1167
1705
4086
5343
897
991
1268
3329
896
1158
1744
2004
1021
1259
1300
1180
1636
1749
1863
862
935
1827
2013
4258
4992
5472
961
1901
2088
996
1909
2933
6344
2503
3943
2189
4448
5471
1172
1189
3823
6523
4368
5267
3712
6401
958
1108
3274
1023
1881
6941
928
1453
3199
1308
1326
2261
7449
1070
1248
1261
990
5911
4664
5859
1784
2404
5654
4648
5860
969
1083
2163
975
1159
2880
1074
1286
2425
945
1043
5645
3362
4957
1831
2620
4269
892
1288
2164
1128
1214
3808
6861
3496
4237
955
1118
1761
2022
907
1820
2001
4245
944
1253
3086
1030
5084
1355
2547
6594
4025
5289
1786
6062
929
1391
1572
1811
1178
4045
5327
6495
6770
895
1716
3289
3176
4865
1891
2968
1316
3113
1316
1540
919
5981
2171
5231
5805
993
995
1121
4605
3470
6122
6648
3469
6121
6642
3489
3961
6982
3349
6138
6647
3348
6137
6688
1842
3419
3198
4842
7444
2674
4004
4812
1801
2278
3846
4198
5970
1361
2443
1454
1529
2249
988
1585
6616
2461
6562
7413
7415
2591
3140
3196
1098
5163
1659
1881
4777
1481
5509
3510
5608
1225
7334
7439
7440
2999
1000
1491
1047
2321
2352
2592
2545
6668
6935
996
1889
3103
2558
5528
5948
1060
1463
2939
1506
1459
5102
6175
2314
3618
1597
2089
7341
1231
2374
1126
6277
1189
1536
1071
1732
2294
3472
5204
7297
2102
4135
1176
3622
7390
7551
3598
3657
7385
4142
5797
3625
7396
7556
1373
1429
3315
2132
5688
952
1252
2441
2418
6940
978
5970
5200
5975
2743
2954
3451
2324
3654
1529
4138
1374
1634
2694
4439
1782
2636
2675
1965
2976
6525
1151
3077
7334
1054
1201
3087
1297
1559
2900
1097
1129
1309
2121
1180
985
1435
1750
3762
995
1121
2522
3986
1111
1190
1196
1930
1382
1977
1094
1203
3023
1075
1403
1462
1157
1191
1426
1977
1328
4060
1442
3582
6338
1902
3542
1978
4666
4588
5780
1130
1139
3473
1140
1545
3890
5037
6600
1828
5180
1186
3334
6834
2402
2520
3650
1331
2282
3197
4128
5669
6597
5957
6097
7025
1042
1049
1207
4471
1775
2939
1354
1804
4090
1269
3185
5002
6248
4101
4477
5726
1564
1699
1546
1837
2576
6874
3194
6980
1179
5986
6983
2803
1542
4343
1107
1948
2851
2947
4635
4770
1041
4601
1245
2941
1188
1246
1276
1759
2682
5600
7427
1470
2118
5336
1475
2119
5337
1599
1670
2878
4872
1700
2072
1563
4520
7396
6404
5768
5842
6678
1042
1207
2517
3637
1257
1304
1313
1406
3836
4695
7321
1137
1206
3043
1149
1187
1836
2182
2874
5263
5925
1855
6602
1141
1193
1295
1873
1075
1303
1587
1335
2266
2983
1474
2121
1023
1388
4413
2444
1044
1140
2934
2974
3386
7019
1642
2022
1418
2405
6104
3493
7092
7120
5127
5161
3933
1605
1653
1953
1302
1877
2285
3830
1576
1614
1369
1535
1098
1160
4935
3450
4478
1123
6481
6758
1611
3370
2168
6964
7112
1203
1757
1851
1424
4787
2883
5402
1201
1708
2165
5620
6809
4636
1565
5671
4697
6856
2784
6917
1206
1564
1771
1601
1610
6835
1092
7484
4526
5841
1254
1740
1738
3918
5344
1481
2886
3025
4341
6807
1978
3815
3871
5266
6910
1775
1967
4271
4442
4525
4502
4524
5806
1731
1968
3811
1076
1833
1184
2226
1108
1315
1676
1346
1425
1832
1927
1808
3414
5598
1449
1873
1552
4028
1284
1823
1174
1400
1618
1192
2851
3276
1641
4155
1327
1647
1258
1406
1626
1803
3296
1424
6317
6985
1501
3052
6877
1747
2669
6455
1210
1395
2602
2643
6205
6566
1548
1668
1718
4469
4829
5775
4695
6415
7319
1258
4552
4646
4875
6628
7204
1115
1434
4979
1289
5486
1259
1382
1159
1593
1440
1685
1913
1242
1614
1757
1593
2880
2992
2249
6860
3947
4180
4842
1245
1610
1771
1479
3630
4049
4299
6609
6717
6784
1832
3169
2320
3138
6921
7090
1192
1697
2616
1201
2914
1184
1306
5123
1431
1663
2105
1524
1540
1310
6323
1290
2469
7261
1702
1959
5979
1690
2512
1691
2368
7346
2431
1295
1449
1600
4073
4541
5915
1998
4555
5308
4408
6795
1414
3543
1211
2051
2286
3299
1281
1845
2629
1248
1445
1851
1949
1191
1382
1315
2790
3741
1428
1421
1594
2864
3164
3968
4160
4995
2097
7466
7468
1312
6957
2248
3970
4996
1658
6834
1197
1750
2441
1315
1322
3274
1275
1445
1795
2482
2328
3680
4043
1173
2311
2836
1653
1879
3110
3280
4399
5787
1252
1529
1692
1752
6954
7351
1491
3017
4259
5189
5932
1225
4516
1742
4013
5019
1423
5884
6387
2716
4204
5868
2817
7310
7403
7405
1223
1914
2068
1545
2934
1309
1474
3510
5568
1755
3588
5111
2723
3580
5112
1445
1798
2122
6515
1469
1782
2636
3514
5656
1266
1586
1819
3100
2564
3587
5121
4993
5547
2349
5466
1277
2032
2264
4147
1517
2083
2413
3414
4272
6071
3412
5476
1573
1904
2164
4036
4493
6982
1278
2238
5994
2745
4900
5899
1265
1422
2255
7583
1212
2154
2846
3233
1373
2060
1196
1491
1257
1258
1360
1540
3027
1545
2659
1658
3334
1368
1391
1228
1317
1858
1745
1242
3762
2061
7435
7583
2371
2875
1398
1821
2194
2315
1208
2445
7311
2463
3230
3297
2462
3207
3313
4425
7310
7405
1494
6885
1313
1406
6886
7220
1306
2123
2469
3317
3482
6860
3961
4091
1542
1889
2247
7138
7235
7335
2075
3206
3336
5039
6812
5471
6045
3581
5186
6890
4234
2008
2020
3419
5231
5489
2591
3468
1404
1822
2114
2426
1485
5588
5611
1409
1907
2330
1326
2069
7440
1478
5589
5616
1356
1898
1987
1448
1539
1878
2070
1723
1759
1354
3286
5895
1275
1628
1798
1853
2091
3291
7028
1582
1870
2504
1345
2199
4306
1579
1584
1592
1701
1809
3082
6844
1865
2388
3446
4876
1426
1708
1400
3571
4143
2764
7213
1563
5248
5821
7026
7119
7120
1490
1373
1623
2882
1338
2018
2709
2039
6720
7405
2774
4452
6720
7403
1676
1759
1839
1913
2167
3014
1361
1449
2053
2461
2773
2773
4688
7413
7546
1421
2582
5774
2049
7585
1642
1422
2188
7417
7585
1316
3125
2596
5097
4534
6076
1723
2003
3167
6844
6237
6871
1428
2067
2060
1708
2914
1344
1486
1651
1636
3318
2034
2340
4093
1553
4061
7036
6419
1846
2254
3460
5779
6782
7135
1497
3033
1447
6557
1356
1987
2662
1592
2928
3019
4108
5047
1514
5421
1368
2156
2696
1468
2856
5279
2195
4924
7287
1636
1971
6916
1658
1604
2046
7418
1498
2531
2782
1631
2047
7423
1930
1985
2403
1386
1474
5133
5717
2588
3735
1376
3550
1676
2790
1847
3195
7464
1765
4243
2187
7337
7424
7449
2062
2187
1593
6266
6632
7272
1570
2905
6956
3400
1386
1467
3082
3767
1460
1499
3086
2055
5349
5033
5689
2896
3151
6338
1756
6885
2316
2988
1390
1501
6878
5037
6172
1691
2257
6883
7507
1646
1969
2457
2163
4490
1861
1915
6876
6925
1413
1979
2023
2494
1891
1999
2194
1362
2834
3175
1559
3373
1965
1619
2031
4302
3037
4003
2316
3274
1526
1578
1957
6918
2200
3381
5147
1343
2267
2860
3454
4454
6839
2358
4006
1711
2016
2235
2915
3492
1389
1587
2092
3070
7431
4012
5211
6933
3491
3657
4865
1360
1993
1657
5865
1513
5217
1511
5218
1998
4717
2461
6562
3285
1476
2179
2470
2038
2435
2471
2185
3170
5360
1411
1675
2159
2565
2165
3502
6810
3134
4255
2074
2579
3320
1386
1467
1867
2215
1755
2713
5673
1607
3097
1669
1597
2354
7343
1579
2177
2310
1971
2321
6915
3488
2101
3641
2008
2389
3887
4829
2652
3052
1573
1740
3087
1518
1730
1920
2835
1477
4564
2121
4382
5637
7149
4241
4936
5017
5317
5648
7317
1594
3361
6920
2444
4873
1425
1541
2145
1703
6876
2313
1779
2082
4505
1558
4064
4452
1437
1644
1701
2256
1668
3166
1981
4322
4557
4242
4932
6013
1592
1644
1718
1748
2375
1517
5382
2873
3624
5385
2030
3258
3443
2162
3169
1570
1666
2197
2484
4421
1570
1675
3497
6973
2169
3121
1523
2084
2245
2543
1430
1720
6869
2243
4036
4802
5514
1579
2141
1981
2830
3054
2843
2906
3083
2824
6246
1737
5190
7357
2193
2796
3333
3212
7581
7586
2112
2234
5015
6661
2975
1723
1580
2141
2306
6843
1437
1701
1829
2064
1666
1675
2290
1580
2826
3173
2051
6715
1778
2173
2218
1715
1946
1576
1904
1502
1558
7099
1707
1489
2632
3364
1497
1601
2064
1961
2227
2296
2377
5116
7502
6133
7111
1870
2777
2954
1931
2331
4157
1873
2266
3944
4361
2010
6443
1823
3155
2022
4088
6323
6189
1483
3393
3767
1463
2138
2885
1812
2262
4006
6912
2073
2205
3557
4121
2006
2114
2282
3972
5396
2102
5376
1566
1623
4534
6382
6940
1587
1638
3136
4019
4772
4865
3847
4773
5653
2646
3427
7376
1960
2498
2625
1959
2899
1792
1990
1790
2677
6878
1669
1979
2798
3437
3833
2004
1793
1991
1762
3335
4021
5735
6823
1856
3559
1574
1671
2515
4165
5101
1678
3261
5426
5677
1524
2528
3172
1520
2038
2125
5741
6817
1711
1827
2804
6576
1685
1696
1961
2232
2717
2042
3359
3027
2443
3242
3072
4313
1756
2245
5514
5690
6425
6937
7341
1919
2009
1566
3121
1501
2159
2411
1947
1632
5546
2307
2612
2924
3782
4750
5256
2384
2917
7380
1572
3389
1555
2707
5736
1554
2706
5737
1832
2269
2362
3954
5697
3812
5860
3734
4775
5254
3805
5859
5003
6184
1535
1537
1721
1833
2661
4764
5020
4565
1967
3199
1882
2033
3031
1640
1882
3501
2132
3381
4595
2116
5553
2325
4490
1985
2143
3432
3810
2503
4024
6469
1689
4456
5028
2684
2550
2617
2639
1890
2553
3064
3832
1752
3461
7352
1560
1735
2837
1876
3795
4688
1921
1651
2329
4111
6430
7190
1823
1836
3767
2068
2811
1909
1641
2081
3757
5327
6820
2880
5070
6873
1794
3526
4275
2093
2500
1737
6898
7358
1796
5645
5133
5995
2294
2347
2714
3431
3561
2871
5569
2872
5570
2633
3009
3541
2634
3008
3540
2853
3411
2955
3744
1595
2009
2782
2821
3395
4003
2029
3054
5518
2066
2158
2321
2694
3250
1826
3102
1719
4620
6357
1908
2569
6285
2114
3553
6153
7455
7458
1637
1900
1638
2585
3374
7465
2113
2393
7363
1630
2253
1968
2565
3345
2314
2738
1663
1663
2599
2642
1745
2182
2300
6520
2449
5479
6503
1785
1890
2553
2115
4864
5316
1860
3891
7392
7551
2927
5116
3509
4839
7336
2194
2968
3474
3655
1900
2265
1720
1799
1993
2499
6998
1868
3909
7399
7556
2664
4700
2446
3181
1912
2153
2816
3162
3799
1674
2362
2579
7419
7585
2274
2294
2347
1719
1746
3318
2236
2917
3453
7381
1954
3002
6908
2015
2153
2699
4624
7444
1995
2324
7589
4762
5402
1964
2253
2043
2335
7368
2541
5360
5999
1707
1859
2067
2458
1983
2254
2386
2477
3614
3640
3879
1952
2696
3175
3713
7431
7435
2759
1776
3158
1742
3085
5594
2026
3234
4056
2233
4100
6254
1764
1921
1829
1858
3086
1904
3013
2187
7425
2729
2853
4821
3488
4550
1716
3480
3625
2380
1735
3228
1740
5059
5433
2492
4009
2162
1774
3299
2472
2688
3887
2737
1696
2376
2676
6924
2027
2227
1969
1986
2417
1712
2855
3642
7530
2991
6381
2056
3884
4429
2646
3024
7375
2274
3656
5054
5504
4694
4829
4908
2424
4415
6902
7148
2976
4413
5689
2134
2827
5615
1790
2652
3939
2147
3500
6922
4571
1777
2989
3680
4297
2262
2595
2904
2732
4907
5981
2093
2609
1799
1993
3741
4103
1806
3804
2428
5717
2203
2361
2868
3733
2162
2843
2914
5992
2209
1778
2486
2544
1794
5883
6968
2289
2460
2906
1928
1997
3050
2232
2280
2679
5445
3794
5238
1839
2376
2581
2973
3329
1935
3541
5218
1936
3540
5217
2608
3522
2124
3602
4759
1869
1816
2683
4609
2183
3667
7431
7432
2963
3697
3783
6553
2563
2796
2838
2384
2607
7382
1956
2158
2312
3478
7136
2899
7302
1962
2539
2861
2756
3039
6174
2286
4276
2020
2401
2858
2624
2934
3132
4350
4976
2442
3567
6963
1764
2611
5134
5600
5701
1789
3008
4199
1773
3009
4200
1839
3014
3081
3791
2350
2437
2594
3531
2566
1910
6366
2701
2329
3610
2642
2794
4571
1977
2912
3572
3701
2690
2913
3730
2393
7364
7576
4920
2637
2862
3705
2863
3445
3732
1967
2042
2278
2592
5671
2381
2904
2272
2625
2766
2071
4635
6214
1900
2480
1928
2421
4598
2332
3712
6401
1866
1911
2259
3026
2709
2683
2687
2960
4339
3946
5087
2231
3078
3312
3633
1797
1891
1930
2208
1910
6023
6604
5006
6560
2475
1954
4410
1775
2200
2750
2979
3621
7353
5256
6039
6044
2530
4261
7455
3959
5366
1859
2067
1964
2540
4635
6037
6050
4707
6040
6053
1774
1965
1829
1858
2181
4698
6543
2759
3556
3798
4755
5160
2808
2892
3855
2313
3073
3631
1784
2357
2551
2769
5254
6041
6057
2015
2066
2476
2768
3848
3137
4054
4292
4163
1929
4325
2820
2932
2292
2975
2326
2483
3577
4153
4352
4788
5487
1838
4708
2667
2907
3139
6880
2722
2220
2485
6471
4494
5488
3392
6954
7561
3161
4186
3456
2045
4137
5877
4841
5586
4840
5575
1942
1944
2204
3021
4256
2763
4288
1921
2023
3059
6579
4439
3466
4912
6099
2842
3901
1998
4890
5802
2108
4707
6213
2555
3545
4702
5389
5349
6071
2478
2691
3394
6454
7215
2265
2313
2936
3738
2279
2593
3322
2072
2669
6758
2366
3610
3739
3807
2684
2687
3598
3724
7039
7389
3024
3229
7566
2220
4377
2120
5489
2003
3108
2037
3145
3017
6553
6760
3193
3770
4178
6635
1911
3044
1921
5792
6363
2727
4051
5948
6096
5951
2292
2366
5349
6071
7021
2174
3205
5080
2762
1865
3209
2583
3593
4421
5847
5942
2263
4184
6906
2001
5418
1889
2059
2778
1884
5534
2776
6528
2563
3100
3908
7465
2175
3150
6263
2002
2587
3309
4461
2556
3139
3267
2540
2655
2113
3071
7571
2060
2882
1959
2192
7380
3519
7299
3859
3275
7391
7472
7570
2330
2084
2502
7041
2433
2512
6924
2367
6583
6733
1954
2088
3698
2173
2268
1885
3830
2004
2763
7398
7401
7560
1883
6883
7577
2208
3681
2710
3370
5047
1885
2169
3438
2078
3437
5079
2589
4222
5846
2398
2617
3449
2588
3924
2447
2972
2166
4131
2395
6412
7485
2327
5130
2492
2586
2685
6723
7169
1911
3121
2039
5785
7404
1923
2500
2566
3674
2103
2227
2653
3499
4518
3391
3307
2304
4763
7524
2878
2942
6966
2044
3774
7407
2053
2191
7414
2046
7420
7582
2047
7426
7451
2515
2150
2289
3702
3194
3389
4631
5261
4480
6081
7200
2585
2207
2374
3865
2286
2580
3854
2169
4265
4941
6766
3972
5396
7324
2064
3315
2027
3314
5405
3049
6875
3622
3746
7484
2036
3008
3540
2025
3009
3541
2815
6879
3011
3015
2343
3991
4994
4131
6873
2703
3468
7439
2533
5621
6459
5385
5496
5658
2000
2338
3045
4466
5522
3291
7029
2357
4294
6928
1966
2818
6197
2632
5119
5490
4720
5379
4721
5380
2277
3451
3768
7562
3647
4020
3574
5000
6152
3082
3167
2541
4960
6749
6751
6969
2092
4196
7430
2636
2323
2548
7098
2588
2998
2159
2861
2521
2838
4491
2241
2333
2655
2057
6355
7045
2058
7393
7549
2419
3631
2166
2201
3743
3048
4988
3098
3329
6917
2251
2856
4029
4708
2897
3484
2103
5350
2124
2834
2049
2255
7584
3023
3255
6153
7455
4163
2592
5523
2653
2043
3605
7587
2352
2380
2846
3233
6010
2127
2482
3889
2061
2255
7436
2062
2261
7338
2106
2869
5755
5613
2348
2069
2261
7441
2440
4367
2451
2839
3224
5438
2054
2604
3832
2230
2385
7436
7437
2528
3364
2348
2146
4729
5033
5593
5514
5690
7264
4219
7390
4205
7385
6008
7097
2335
4022
6992
2748
4790
6360
3198
4097
7086
7448
2421
6984
2003
3167
7033
5836
3032
3651
2120
5011
7450
2037
3242
3765
4898
6178
2099
2814
3293
3806
6493
2219
2771
5369
3022
4477
5894
3308
5326
4145
7484
7486
3043
2329
3044
5494
5995
2316
4519
2654
2923
3660
2814
3075
2672
2831
3889
2243
3585
4539
3137
4648
2627
2927
2457
2258
4001
2048
3863
5752
2344
3971
4304
2477
4045
2630
2670
2664
2739
3564
3051
3131
4625
3058
5158
5852
3161
4664
2270
2487
4207
7402
2507
6293
6776
2559
4778
6838
2867
2902
7543
2133
2184
3386
6272
2978
2597
2613
5005
7582
2399
3441
6561
3005
5241
6380
7412
2083
3655
4282
4657
6814
2974
4553
2129
5785
2130
2191
2401
3742
3994
3334
7437
7451
2663
3294
5266
2727
2215
2446
2897
3113
2145
3314
7442
2447
2836
4838
5741
4804
3669
5068
2744
3110
5890
5938
2081
3165
3188
2829
3963
4651
2865
5049
4924
6061
3586
4026
4500
2797
4155
2483
4060
3164
2325
3031
3168
3295
2842
3752
6908
2519
5059
7202
3194
2210
6362
6425
3508
3826
4757
3039
6827
7429
2388
3648
3822
4704
2431
4301
7273
4885
5756
6019
3804
6842
7465
4539
4862
5832
2145
2270
2339
4353
2751
2852
4691
4377
2998
3432
6913
2599
3477
2381
3018
3856
2715
4047
6958
4956
5735
2657
3239
5569
2658
3240
5570
2990
6406
6930
3717
5794
7130
2341
7572
3565
5711
5359
2484
2602
5942
2572
5486
2573
5485
4245
6634
6611
2226
3256
3814
6914
3990
4009
2575
5483
2542
2972
3155
5946
7294
4394
7580
4393
7545
4338
4448
4395
7408
4035
4783
2608
3522
4810
4611
5160
5420
4567
6333
2554
3824
2795
3136
4019
2334
3483
7361
2471
2413
2923
3864
2815
3351
2799
2849
7460
2425
2434
3165
4343
3873
5498
4762
5439
2551
2722
2984
5683
6753
6848
2440
2455
5474
2941
2449
4111
5362
2172
3345
3115
3873
2983
3442
2726
2895
3865
2433
2512
3216
2406
4430
2251
4029
3282
6074
2982
3191
3739
4913
2946
3504
2876
2353
3384
7012
4589
5866
2380
3318
3913
2486
3523
3434
4126
2708
3244
6153
2774
5785
6355
7406
2738
5405
2233
5913
7462
2542
3479
5053
5687
5990
5357
5629
2762
2385
7429
7430
3077
7408
7442
4507
4588
4487
4500
7451
7422
7582
7584
3217
5356
4061
5641
6889
5706
7545
2962
5979
7348
3055
3222
2742
3866
2447
2919
3000
3135
3210
4563
4360
4638
2235
2251
4036
6938
2595
3472
2847
7498
7500
3213
4784
2636
3608
3645
4206
2965
3766
4638
2554
3011
3199
3302
3261
6209
6748
3905
6936
2252
2466
6933
3398
4467
6064
3787
4529
4789
2364
6454
6721
2763
2561
2884
3388
7168
2292
3209
3281
3849
3034
3525
3132
4747
6481
3510
5608
6378
2421
4854
6985
3208
4444
5946
2293
2370
2848
4468
3618
2603
4907
4973
4085
4920
5325
3713
7434
7435
2394
3628
2528
5190
3717
5173
2494
6134
6197
6263
2419
4849
6914
5665
2648
6172
2869
4889
6336
3117
3808
6584
7139
4302
2552
7277
7350
2475
3521
3105
4746
5653
5807
4138
4229
2314
2879
3842
5164
7037
7237
3762
2604
4482
7586
2737
4346
7153
7349
3816
4107
3231
3779
3707
3873
5466
7214
4859
6911
2832
6905
2311
2725
3293
2312
2358
2543
2388
6874
2292
3260
2916
3242
2394
3515
4182
2733
3189
4279
2340
2928
5732
3825
5357
6010
6034
5006
6171
6481
5675
6375
2921
4566
6692
3172
4627
2382
2950
3915
2333
2436
4263
5298
2445
7309
7402
3026
4913
4188
3278
3511
3758
6266
7272
2551
4112
2732
4154
3668
3796
6090
2881
7031
2644
4980
4999
2369
5077
6770
7025
2501
2580
3840
4188
2615
4897
5411
6048
5950
6475
2368
2552
7222
4580
4940
7122
4320
4326
4448
5835
2471
4571
3020
4316
6937
6221
6930
3568
3812
2449
2858
2945
3223
3098
4683
4226
3108
5106
2770
3528
3805
2400
5710
6358
5745
6990
5367
7293
5329
6152
3278
3511
2748
3989
4505
2624
2736
4534
6940
2537
2926
5638
3231
2470
5132
5468
2981
7358
7469
3117
3046
3720
4948
2893
2514
3135
3311
4120
4787
6489
5011
6415
2443
2785
3051
4715
2839
3420
7576
2404
5654
4142
5797
3399
6951
3948
4487
5733
4580
5308
6850
4294
2417
2494
3534
5264
4376
4595
4897
5523
5703
6233
7011
6362
7345
2356
4004
6401
3476
3918
7286
3372
4562
2406
4490
3152
3339
3418
2602
2643
5196
3258
4723
3169
3524
3300
3413
4001
6670
7215
2712
2779
5473
2457
4543
6324
7153
7350
5009
5116
5119
4407
7030
2922
6763
3012
3908
5638
7466
2546
3131
3596
2877
2475
2860
2433
2927
3129
2415
2465
2957
7014
3754
4635
4838
2869
2402
2879
3180
4707
4956
5200
2529
3667
2701
2807
3647
4888
2464
2778
3188
2545
2978
6617
4720
5379
4721
5380
7367
7477
5989
6250
6521
3217
5356
2547
6492
7412
2550
4411
2787
3123
3403
5089
5713
3798
2950
2812
3302
3364
2769
4170
3478
5530
6912
3712
5344
6489
3303
3567
4765
5399
4415
5763
2488
5771
6566
2921
3995
6502
6598
3164
5116
7352
7513
4486
7013
2818
6145
7453
2915
5120
5954
3273
6913
2582
5774
5062
2441
4163
3205
4422
6119
6722
3153
4647
3145
5044
2473
2570
2660
3179
5439
2911
3422
7434
2985
3953
6979
4904
2586
2783
3012
3908
3545
2794
3168
4389
5411
5477
5957
6239
6986
7376
7379
4081
4935
5568
4557
2890
4212
6962
3641
6536
7285
4724
6923
4147
2561
3533
3982
3202
5325
5520
2791
3071
5304
3063
3111
4063
4070
4529
5905
6463
4234
6511
3573
4285
4514
2978
6610
7420
7421
3739
2624
4505
3281
3769
3849
2894
3320
7412
4544
4545
5496
5658
2609
4700
2938
4446
5781
6932
7237
3068
3128
3898
4096
2536
2557
2686
3220
3725
5003
3479
2487
5115
2736
3577
3001
4810
6191
2543
4399
5122
3771
3082
3484
3332
5909
2837
3192
6507
3000
3772
3210
4736
2498
5742
3926
3990
4221
6615
3866
4872
2675
2900
2955
5190
5913
6897
7360
2811
4076
3346
3555
6292
2532
2678
2751
2852
2530
4002
7454
2987
5597
5943
3034
4306
2701
4302
6873
2652
3995
7393
7552
6361
2945
3223
3681
3594
4455
6072
3201
5042
5667
5285
2902
3605
7524
2682
5600
5701
7285
7045
7399
7557
3146
4371
6499
3602
3458
4062
7364
3028
3606
3880
2823
3411
4452
7403
4809
6098
3815
4052
5721
5563
7200
3399
6952
2770
3907
5016
6102
3057
4984
5758
4078
4387
4479
4079
4535
6978
3660
4336
4565
4794
7127
2962
7023
7383
7453
3744
6879
2622
4568
6178
6373
3516
6471
2645
3147
3460
2807
3614
3374
7466
2597
2682
5441
3602
6876
4914
3170
3889
2811
2975
4076
6605
3328
3632
3862
6265
5021
7530
4044
5232
6358
5603
7152
3675
3865
4548
6864
2665
3351
2807
4152
5425
7103
4015
4069
4149
2788
3382
4711
2809
3475
2903
4939
5900
2676
3532
5787
5907
3442
5135
4193
2706
3127
3936
2707
3126
3937
4594
5657
2736
4168
2612
2630
7344
3626
4569
3627
4570
3436
4317
6294
3616
4560
2744
3260
3435
4312
6295
3765
5685
7025
3524
4676
4313
3697
3761
4550
2864
4354
3029
3453
4589
5180
5805
2939
3042
2989
3032
3547
4611
5160
2619
5245
7012
2793
4516
3695
4811
3780
4376
2982
4006
3896
4049
2943
7423
3617
5987
6111
2840
4647
3399
6950
6952
3328
3558
7493
4736
4039
3391
2680
4656
5126
3163
3942
4228
2818
6134
6197
2689
4398
3166
3385
3563
3920
4679
2759
3102
2725
3020
2897
4017
2923
3212
4916
3991
4994
2796
4340
3570
3130
3498
6603
3384
4295
4796
6320
6776
5534
5842
2654
3660
4415
5037
5534
4346
3189
5742
6953
6987
6993
3129
3234
3458
3083
3337
4038
5511
2776
2873
2725
2929
4494
4584
6906
4720
6979
3813
4721
4463
4858
5551
4773
5085
3003
3229
3416
3649
5603
5834
3241
4857
5587
2659
3276
3704
4119
4794
4895
3456
3571
7374
2656
3988
5736
5763
6177
6184
6460
3662
4522
6244
3661
4521
6245
2951
4176
2678
3833
3197
3964
4560
3965
4569
3966
4570
2794
3606
4132
3731
4582
2726
2851
3871
5949
3926
2815
6880
4450
5126
2876
3745
6256
6485
7189
6276
6757
2919
4718
5691
6190
3479
3745
3326
5237
5578
4638
5725
3593
4133
3049
3456
3566
2717
4944
5541
6772
3105
3556
4518
3597
3012
7578
3632
4146
2953
6371
6388
3001
4359
5628
6743
4017
5073
5457
5536
6836
6915
3224
4651
5219
3783
3041
3642
5134
3097
4257
6951
6992
7369
7373
2711
5931
3370
5605
3187
3339
7353
7513
4154
3549
4847
5176
3584
7507
3379
5240
5580
3158
5141
2740
5543
2741
5542
3376
4969
2885
3615
4672
4894
5952
4502
5353
4545
5916
2810
4028
6928
3776
6479
6000
6371
5585
2874
4153
4352
6199
2995
3288
5801
3225
4423
4735
3254
3584
7424
4034
5862
5967
4666
5371
6903
3285
4491
3033
3453
4708
7381
3619
5546
4534
6076
2963
3552
5457
5536
4152
5044
3549
3930
2928
3019
4918
6265
6492
6949
7500
4346
4168
5106
3990
3926
4076
2969
3127
2970
3126
4924
2924
3681
4316
3486
3845
5416
5978
2799
7461
7567
3436
4530
4007
2920
5300
5764
3991
4142
4568
3435
4531
3292
3611
7417
4167
4349
4530
4222
4465
4531
6154
3661
4537
3662
4536
2882
4211
4464
4536
4158
4348
4537
2836
3223
3539
6627
3575
5945
3675
4251
4510
4915
6093
4271
5335
3372
3055
5072
7496
3746
3891
7487
7545
7579
7580
3480
3909
7480
3847
5456
2812
3302
4247
3103
3994
3929
5681
3491
3724
4943
5470
6207
7323
4903
3195
7467
2826
4053
4311
3079
3156
3641
5039
6892
7090
3679
4679
4442
5412
2805
4116
5737
4623
3310
4523
4651
3912
5250
5762
7408
7440
4340
3081
3791
4459
3295
3535
4426
4098
4308
7462
2871
3263
3996
2872
3264
3997
3883
5158
5551
3002
3204
5124
6538
3967
4672
3028
4055
4892
4154
3459
5437
3533
3736
3118
5012
3658
4956
3994
4104
4937
5144
7283
7402
7404
3495
4251
6920
3786
4951
3249
4360
4881
5669
7280
4048
5530
6947
3449
4688
7413
4037
4826
5888
3544
4911
6802
3310
4002
4685
5811
3373
3744
4431
5178
5278
2865
5049
5851
2861
4849
3015
3651
2996
4903
3055
3071
3153
3670
3848
3900
5335
3331
6907
3216
4701
3855
3894
5437
3235
3667
4483
6543
3634
6949
7496
2881
4703
3275
7472
4043
6883
7349
7577
3156
3366
2903
6073
6160
3257
7527
5424
3184
4710
5117
3075
3202
3094
4400
4193
4241
5354
4242
5355
3474
3612
4974
4227
4262
2986
3359
3651
3213
3738
3592
3022
3672
2969
5374
2970
5375
6277
4615
4033
4807
3139
3007
3011
3424
6969
3885
4220
4725
3227
3842
3475
3808
3881
3824
3426
5137
3041
4946
5146
5709
5842
4101
5361
4138
4162
6147
6782
7095
3603
6165
2971
6993
7371
3764
3825
4112
3824
3907
5968
6203
3181
6240
3608
3872
3265
4903
2991
3502
6428
4022
7523
5876
3472
4859
3826
4757
3702
4701
4431
6879
3895
5921
7499
3640
4963
5263
3104
4857
6229
6409
3611
7581
3246
5453
3247
5454
4176
4032
4183
6197
3441
3731
6222
4147
4800
5592
5962
3811
3846
4441
5639
5046
2945
4581
5633
3623
3874
5585
4715
3872
7302
3549
3930
5287
2984
4034
4654
5392
4173
4297
7277
3448
4343
3822
4704
5154
4229
4248
3072
4361
2957
4254
4706
4494
5195
6545
7089
5297
6945
7426
3947
4097
4177
3582
7339
3754
4658
3338
5245
7012
3152
3418
4062
7367
4405
4878
4188
4328
4004
4812
2960
3284
3763
3768
4710
4908
5780
4758
4532
4668
6976
2985
4533
5048
5330
3213
3533
4835
7380
7383
4627
4035
4454
3249
4360
3192
3228
6981
5727
6709
3263
3264
3960
6987
3000
3125
3697
4619
3490
4498
3392
5675
6955
7418
6938
3219
3971
4504
6895
7357
7359
3454
4965
4782
6978
3032
3721
4178
3055
3222
3623
5655
6660
6024
3510
6508
4245
4780
5836
3562
3723
4106
5501
3928
5695
3265
3595
5306
6079
7473
3547
4979
4000
5467
3021
5700
6318
3154
3743
3024
3427
7568
3760
5253
6273
4881
7280
4953
5786
4874
3952
3953
3130
4808
5128
7468
3735
3424
4461
3022
3672
5261
4573
6551
3781
4952
7345
4800
7569
4165
4744
3779
3311
3150
3376
4673
4450
5968
3501
3911
4951
3492
5599
6068
5602
6069
5010
4026
5691
6997
3676
6826
3298
4629
5060
3408
6944
3908
6884
6835
3102
3231
3050
6315
4663
7362
3705
4253
5354
5475
3147
3770
6635
3771
3995
6034
6452
4322
5177
3387
4251
4917
5974
6365
6175
6849
6222
3394
3956
4372
3701
4267
5453
4206
4685
4814
4201
5497
3361
3495
5627
6066
5623
6067
4748
6896
4757
4836
4858
6015
3279
7432
3944
5151
3293
3810
4404
4611
5975
5405
3452
5284
7407
7409
3628
5348
3106
3200
4236
5085
5245
3289
4475
4309
3215
4401
5995
4544
6009
3108
3682
4799
4175
5927
3145
4099
4806
3198
3316
7444
7448
4079
4720
6979
3813
4078
4721
3232
3989
3569
3529
4683
3761
4010
3732
4291
5355
3391
3532
3398
3526
3591
5000
6017
3388
3736
3756
4353
4739
4137
4429
4498
3773
3983
4825
3486
3656
4704
5840
3730
4307
5454
5576
5639
6764
3945
4107
3527
4526
3881
5644
5646
6929
3134
4883
4982
4631
5800
7035
3414
5797
5828
3679
6426
4252
6189
7141
3393
3529
3528
3805
4277
5004
5885
3383
6934
3844
6171
3429
4359
5700
4066
3870
3176
5381
3898
4129
3208
4126
3438
3754
5480
3841
4747
5311
4749
5766
6519
3858
4805
5818
3727
5818
6002
6794
4183
3788
5831
4133
6925
3578
6895
6926
3279
3316
7432
7433
3453
3215
3582
3187
3545
3204
3752
3200
3340
5305
6795
5205
5704
6652
7197
3198
3279
7087
4063
4134
3740
4150
7128
3212
3535
3722
3400
4321
4207
4340
4543
6734
5649
3393
4311
6843
3773
4194
4257
4849
3289
5485
3565
4553
5507
4085
5235
4132
4861
3613
3885
4893
4445
5283
3726
4315
7312
4272
5775
3305
3467
5455
4405
6239
6952
7505
3550
3591
5279
3452
5576
5639
3674
4131
3595
4793
6608
6656
4605
7469
3753
4838
3342
4437
4636
5123
4821
5790
4216
4597
3434
3352
3368
5090
3369
3402
5091
3434
3260
3772
3519
6140
7300
3982
3301
4650
4730
3518
4309
3927
3829
3895
3916
3284
3443
4633
4146
4869
5999
3473
4586
4756
4671
4722
5262
7016
3915
4281
4579
3389
6980
7567
3270
3354
5175
5226
6027
6833
4187
3422
3713
5204
5329
7300
3892
6817
6818
4289
6824
7284
4692
5714
4693
5715
6176
6290
3248
5925
6099
4517
5804
5798
6396
7135
3851
4815
4816
5686
5648
7316
3560
4191
3783
5457
4172
5385
5426
4824
5114
3868
5022
5102
3408
4238
7425
4972
3885
5216
4315
7526
7530
3733
4304
3294
4484
5014
5321
3845
3826
4317
4381
3569
3568
3812
3593
5288
7320
7450
3438
3830
3924
4655
6857
3822
4312
5740
3439
6457
3440
3561
6458
3633
5383
5743
3631
3775
3416
7567
4647
4453
5894
3326
3447
4196
3415
3531
5477
3379
3691
3502
5029
4143
4987
6159
6888
4334
3865
3515
4182
3973
4489
4640
4670
4771
5483
4875
6719
6807
5468
5990
3383
4289
7419
4104
4687
3333
3331
4056
4944
3409
3439
5099
4510
6146
3854
5520
6018
4373
5171
5314
6090
4352
5323
5837
4388
5002
4512
4668
4863
5659
5043
3600
6625
3623
4065
3590
4563
5069
7477
7503
3358
3410
5182
4009
3683
3694
3543
3725
3360
4697
4729
3764
4676
4096
4129
6956
6677
6690
4650
5533
6086
3828
4899
5222
4480
5563
7130
5546
4747
4802
6481
3596
4070
4134
5023
3923
5765
6178
3911
4586
7033
7089
3357
3421
5193
5277
6131
5017
5596
5077
7502
4776
5746
3519
5167
5855
3566
4098
5524
5893
6525
6793
3866
4585
5313
3913
5135
4310
6531
5376
6378
6943
3714
3715
5482
5880
6341
7306
3924
5364
3843
4995
3404
7363
7367
7510
3850
4996
4158
4785
6261
4705
5968
6203
3368
6486
3369
6487
4609
5384
5568
3655
4539
3747
4473
5020
3755
4458
5028
4667
5256
4167
4792
6267
6435
6436
5538
3703
7386
7410
6929
3889
3874
4048
3665
4284
4529
4331
5941
6040
5953
6057
5603
3579
4659
3621
4124
3723
4113
4596
5031
7137
4739
4906
4498
6316
5213
6919
4746
4933
5200
7563
4619
6845
3560
4323
3801
4079
4522
3903
4078
4521
5848
4623
3731
4582
6567
3946
5019
3441
3563
3458
7364
7366
3583
4368
3867
4818
5827
5944
6044
5074
3737
5112
3959
5111
3726
3806
3707
4928
3938
5096
7391
4211
4830
6270
7510
7518
5805
7534
7572
7573
3759
5121
3658
3511
5021
7013
4203
5191
6287
4240
5101
6816
7379
3760
5789
6286
3607
4260
4846
3793
6574
3440
3512
5174
3775
5364
6207
6272
6357
4848
3517
5784
6467
6468
4392
3811
4334
4287
4523
4651
5461
6105
6777
3523
4700
5546
7098
3500
5043
6859
4636
5988
6429
7009
5545
4193
4015
4546
6156
6887
4984
5155
5739
5885
3882
4870
4133
4482
6955
7354
4671
5555
6088
4670
5556
6089
5040
5289
4067
5663
6233
4900
4930
4694
3753
3934
7003
3935
7002
6601
6690
6919
3482
7287
3670
4037
4804
5345
4265
3791
4263
4888
6882
4248
4608
5757
4017
4231
5552
7293
5070
4038
4073
4309
3761
4010
4270
4493
4553
4961
4954
4176
5487
7093
3549
4279
4917
3675
4883
6509
5053
5687
6972
5072
7498
3525
4176
3539
4288
4207
6381
4350
4711
5122
5494
6965
4509
5420
5977
3998
6078
6080
3665
4999
5257
4067
5596
4159
4763
7295
4403
4074
5186
4249
4478
5516
5812
5902
5265
5276
5086
3833
5079
3582
5493
3678
3692
4395
3793
5723
4547
5107
3926
3845
4377
6166
3954
4465
4464
6226
6333
5567
5350
5295
5235
6922
4276
4827
7105
3918
3598
3703
7039
7385
4724
3910
4631
5514
5421
6184
6370
4853
3919
5125
6543
5364
6142
6756
4155
5522
6135
4627
5445
6052
7453
7454
3949
4992
5516
4797
5430
3736
4243
4260
5068
3862
3976
4828
3859
5410
6997
3671
5368
4596
5388
5352
3911
4467
3833
4402
4349
4348
4726
5254
5382
6888
4958
6120
4050
5474
4005
5329
5793
4786
5863
6774
3870
4663
6864
7359
5566
3855
5063
5064
5560
5988
6818
5114
6020
4027
3848
5051
5052
5559
3827
4087
6314
4280
4523
3722
4028
5012
4673
4737
6687
6705
4331
4673
4625
5401
3721
3786
3678
4212
4529
5215
6100
3817
5657
5978
4232
4675
4130
6334
7506
7509
3870
4121
5169
4718
4219
5843
7553
3779
6824
3788
5386
3650
5118
3844
3626
5047
3627
5483
4030
4925
3885
5578
5944
4282
5298
6991
3891
7486
3680
5658
5807
3909
7478
5486
5485
4602
6001
3703
4205
5850
4337
4945
4683
3844
7504
5369
6858
3682
4189
4194
3985
4158
4348
4281
4809
4656
4705
4809
5499
7459
4930
5021
3941
4832
6190
3999
4167
4349
3956
4372
3984
4989
5152
5790
5428
6322
5580
5953
4723
5848
4618
4754
5884
3858
4105
4495
4007
6395
7197
3832
3764
3724
4772
4432
4551
4690
7521
3864
6383
4122
6513
7533
4789
6939
3673
4991
7461
7462
3713
4014
6994
3956
4194
4378
4853
4224
5211
4436
4549
7459
7460
4193
5742
5990
6174
3929
4031
6403
7038
4416
4964
3773
4190
7433
7445
4705
5273
4520
5886
7558
3956
4194
6845
3877
6467
7182
3878
6468
7154
3875
6435
7172
3876
6436
7195
5369
5603
3703
5850
7411
4190
4458
5028
4624
5448
4860
3803
3962
4171
4177
5391
5418
4375
6438
7007
4274
4374
7005
3968
4164
5511
4923
5856
3970
4197
4115
6326
4508
3849
5072
7030
4473
4574
5020
6998
7023
7348
4462
6260
6285
6088
6107
6089
6108
5863
6048
6774
4480
4933
5200
5975
3727
5185
5893
6794
4151
4663
4609
4951
4343
3931
4662
7261
7099
7310
4140
4355
3906
5976
6950
7369
4013
4278
4392
4012
4643
4669
4660
4726
4913
5496
5967
4248
3839
5558
4623
3798
4518
4605
4265
4431
7490
4146
4901
4403
4758
5328
5414
6186
4501
5648
6416
4823
5302
6093
3901
4327
4132
4896
3920
4032
4309
4426
5237
5328
5890
5907
6863
4334
5209
5725
5933
3869
4247
5240
5322
4793
3844
3870
4395
7038
7410
3810
4047
4235
4249
4817
7042
3806
4811
6557
3807
5890
5907
4029
5491
4622
4667
4550
6274
3925
4118
7008
4173
4339
5147
6463
4371
5851
4837
5307
5497
5526
4984
5758
4954
5821
5912
6049
4215
4414
5170
5841
4726
5712
4779
4781
5105
4561
5057
5108
5123
4937
4410
6837
6907
6916
4442
5412
4068
4335
4621
4094
4108
4180
6926
4913
6033
6453
7481
4104
4479
6977
4835
5295
5782
4255
4449
5506
6133
3928
6301
6829
4208
4271
4442
4354
5213
6919
4485
4725
5322
4492
6255
4519
4562
4497
4738
6241
3957
5573
4087
5674
5778
4014
4540
4919
5815
7471
7515
3979
5947
6827
4333
4644
5912
6591
6862
4150
4386
4722
4313
5008
5685
6554
3915
4226
5938
6262
5008
6528
4202
4485
5658
5807
4293
4650
3861
4283
5729
4441
5109
5639
3993
4292
4232
4573
4859
4773
4942
5085
6231
5142
4347
4755
5160
4329
5551
4742
5005
5565
4565
4110
6231
5376
6942
4798
7356
4266
5554
4718
4801
6486
7229
6487
7161
6457
7184
6458
7162
4266
5554
4055
4714
4746
4318
4671
5484
6016
4357
5512
4320
7152
7222
7509
4204
5923
5768
6353
7482
4327
5741
4884
5064
6389
5063
6390
3974
4087
4833
6135
4432
5735
6825
4054
4882
5052
6385
5051
6386
4187
4868
4357
4453
5472
4502
5353
5010
6154
6464
7563
3960
7371
4491
4519
7475
4165
5981
5384
5523
4634
6211
6291
5372
7501
4211
4333
4464
4698
6963
5352
5016
5461
5571
4788
5195
4606
6837
4209
4286
4730
5126
5541
4699
4856
4420
4751
4225
5412
4222
4347
4465
5150
6086
6148
6087
6149
4465
5930
4464
5929
4399
5122
4328
6159
4790
5373
6662
6731
4027
4423
6004
5510
6461
4972
4760
4945
4544
4171
5725
5933
4137
5877
5550
5616
5735
5561
5611
5741
4199
6977
4200
5758
4101
5361
4427
4630
4771
4648
5860
6956
4545
5903
4136
4370
4108
4002
4261
4287
3966
5736
3967
5569
5570
5737
4572
4607
5212
5462
5632
4575
6951
5043
4296
6084
5921
5940
4955
5167
5855
5013
5113
4699
4880
5560
4664
5023
5859
5554
6128
4935
4850
4856
5559
4248
5170
5661
7006
4084
5714
4216
5016
4091
5622
5852
4644
5929
6110
6611
4972
5151
5008
4348
5714
4349
5715
6206
6334
4089
5715
4107
4280
5707
7286
5145
5782
6596
6205
6242
7120
4361
4305
4423
4735
4600
4599
5105
6995
6125
5761
5779
7135
5752
4233
5923
6767
4943
4954
5911
7373
6136
6224
6463
5253
6273
4262
4832
6996
5488
5636
6029
6327
6903
4041
4353
4192
4441
4559
5682
4053
4496
4541
4578
5697
6601
4099
4527
6374
6645
5638
7578
5168
6008
4715
4845
4953
5474
4122
6513
4801
5097
4845
6185
5713
6975
5076
6870
4425
4277
5208
4433
5148
5585
5078
6708
4068
5858
6445
4697
6288
7274
4736
4074
5724
7505
7518
4186
4667
5539
4203
4801
4218
4255
4409
4836
4712
5558
6011
6839
4704
5625
6116
7007
5626
7005
7146
4426
6890
4424
4552
4646
5226
5544
7270
4612
4613
6477
6622
4729
5033
4681
5013
7493
4588
5780
6734
4692
6109
4508
6388
5708
4693
6113
4182
5874
4136
4118
4209
4324
4915
5246
5917
4139
4842
7447
4105
4470
5881
4757
4139
4842
4148
4437
4183
4574
4428
7460
4988
4817
5877
5910
4321
4700
4805
5573
4225
5572
4674
4268
5067
5964
4374
4926
6139
4562
4711
4976
5425
5729
7103
6612
4755
5930
4912
5058
5532
5060
4430
4923
4957
5344
4206
5056
6218
7217
5147
4250
4629
4640
6284
4646
5199
5926
5431
5812
4648
6621
7095
5070
4714
4664
4993
5670
6015
4177
7446
5296
6670
4227
4270
4966
4320
4326
7152
7277
7487
7490
4742
4308
4906
4740
4778
4423
4378
4548
4853
5408
4615
5506
5532
5978
4451
4504
7372
6262
6352
4366
6294
7232
6206
6334
4958
6352
4363
6295
7207
4481
5419
5010
6154
5093
4180
7490
5496
5967
4326
4407
5031
7282
6525
6623
4845
5786
7471
5033
5689
6001
4788
7026
5597
7133
7291
4201
5234
4342
4456
5068
4456
5933
6997
4807
5667
7107
4899
5801
6500
7087
7433
4773
5653
5418
5817
4532
5243
4533
5244
5526
4399
5787
4461
4874
5575
5165
4711
5122
4373
4477
4506
4284
4573
4684
4923
4486
5074
7276
5281
5954
5207
5575
6085
6113
5969
6018
5586
5434
5463
4655
4538
4258
4295
4796
6933
7037
4535
4782
4471
5488
7015
7129
6860
4478
5830
7042
5862
5867
6768
6510
7114
5056
6070
4295
5495
4883
4934
5074
6819
5586
6094
6109
5137
5521
4366
4391
4363
5702
5295
4310
4512
4616
4797
5882
5890
5938
5490
5877
4375
5025
4279
4989
6303
4575
6421
5442
5481
4762
5133
5135
6867
5836
6119
4359
7458
5324
6881
4879
4890
5492
5513
5949
4572
6424
6132
6474
6775
6015
4385
4928
5117
4727
5509
5415
7146
4824
4328
5529
5087
5628
4287
7457
5309
4389
4858
5324
5257
6022
6518
4978
5533
7456
5043
5031
5049
5191
6529
4600
6420
4972
5171
6120
4562
5319
7016
7349
4618
5054
6441
5471
5982
5593
6806
4441
4947
7107
5848
5041
6004
4599
6423
4795
5784
4921
6917
4492
4932
5151
4391
5085
5245
7098
6429
4497
4936
4735
6165
4645
5192
7377
4438
4623
5392
5406
5897
4373
6093
4927
7017
7336
4838
5549
4540
7103
5173
6791
4587
5015
6489
7209
5929
4669
4489
4640
4712
4752
4987
4449
5911
7336
4503
5161
5055
7366
4675
4975
6209
5588
5680
7278
5930
5096
4626
5201
7020
6600
7274
5589
5684
7281
4429
5346
5845
4398
5313
4703
5564
5684
5355
4396
5634
6269
4794
5115
7127
5354
4514
4685
5214
5846
5941
7074
4652
6982
4737
6705
4814
5073
4680
4818
7006
4637
7008
5882
5350
4496
4615
5935
7314
5537
6351
6466
5017
5596
5414
6538
5578
5944
7077
5580
5953
7084
4417
5335
5183
5555
5353
5390
4694
4922
4634
5515
6394
6726
5017
5668
7393
7535
7555
7045
7559
7579
7411
4443
4985
5996
6112
7315
7330
5449
7589
4728
4632
7175
7014
5846
5941
5192
4665
6002
6208
4468
5128
4517
6981
5596
7011
6908
5369
6859
5288
6060
6503
4971
6359
5386
5831
6244
7227
5824
6245
7205
4488
5574
5998
5036
6118
4866
5189
5194
5377
6851
4608
5915
5210
5556
4549
5757
6897
6912
4956
4768
5432
5533
6086
7003
6087
6300
7002
6059
4739
7153
7222
5671
4457
5694
5819
4774
5634
4848
5969
6136
7333
4486
5612
4706
5612
5680
5378
5332
5982
6261
5539
5800
6418
6187
6687
7506
5449
4813
5199
6909
4799
4861
4475
7480
5621
6554
5791
5158
5852
4598
5433
5507
5564
4710
4908
4495
5092
6268
6918
4813
5266
6910
4806
4869
4598
4834
7266
5450
7478
4566
5823
6671
6976
6267
5382
4933
5448
4687
4786
7031
5146
4584
4603
5876
7129
5195
4926
4948
5206
6451
4584
5317
6964
5681
5592
6808
4633
7373
6270
4922
4927
7018
4933
5448
4823
5531
6209
6586
6236
5229
7125
6022
4604
5431
5669
5480
7409
4969
6102
5821
4524
4612
4525
4613
5166
6245
6244
5127
4764
5352
5607
5688
7114
5659
5660
5412
5846
4639
7102
4893
5277
5100
6445
7144
6751
5274
5275
6011
5404
5432
4663
4991
5499
6447
6490
6192
5711
5775
7127
4745
5239
5377
4984
5155
4654
5331
5059
5433
4654
5331
5654
5460
4962
7491
4866
4585
4966
6639
5687
6854
4752
7105
5336
5337
4995
6308
4877
4764
4996
6306
6547
5500
5867
5739
4878
5309
6516
7123
6095
5035
5104
4768
4892
7476
5707
4969
6981
4922
5270
5792
4690
5720
6088
6107
6089
6108
4911
5744
5960
5416
5978
4696
5871
4868
5207
5019
6309
5211
6307
4852
6399
5249
6364
5513
6160
4958
6120
4944
5445
5536
6176
6354
4948
6098
5167
5473
5493
5977
6258
4863
4921
4629
4640
6077
7289
4627
4628
5075
5025
6445
5464
6049
5420
5917
5339
5397
7117
5001
5545
4637
4899
5801
5340
5710
5330
5873
5060
7288
5394
5551
5555
6088
5556
6089
6105
6932
5248
5460
5309
7470
5239
4666
5145
6140
5022
4851
5601
5771
5181
5349
5443
6085
5359
5429
6094
4813
5819
6439
4772
4943
7388
6025
7256
6075
5695
5538
5047
5605
6165
4701
5000
5587
6152
6043
6774
4906
5007
5171
5853
7491
5284
5301
5856
6551
5165
4916
5079
5772
5323
5966
5712
4983
5172
5465
6101
4993
5922
4841
5336
4840
5337
6790
4897
5363
6805
5629
6962
6301
6432
5434
5627
5442
5623
6725
7021
7128
5508
6319
7514
4896
4998
5909
4940
5839
4800
4970
5479
5880
5555
5118
6922
5463
5599
4862
6816
5982
6805
5533
5630
5631
5692
5693
4741
6349
5212
5674
6354
6125
7512
5591
6165
4901
5055
5207
7534
4864
5316
5694
5802
5644
4779
5679
5640
7028
6039
6340
5036
5279
7104
5283
5665
5935
4920
5538
5207
5219
5438
5481
5602
4979
6914
6135
5865
6902
5330
7336
5668
5314
7175
5738
7225
5552
6296
4844
5316
5512
7035
6037
6346
5556
7387
6007
6215
6041
6343
5306
6079
5130
6637
7219
5365
5562
5932
6060
6634
5125
5572
4826
6320
4835
5118
6094
6109
5323
6773
5015
5251
6938
5318
5709
6640
7169
6085
6113
4905
5767
4906
4964
7136
4837
5083
5119
5490
7354
5419
4874
6554
5036
5393
5491
5530
5222
5408
5255
5072
7030
7472
5404
6677
5811
4967
5453
4968
5454
5075
7043
5152
5178
5089
5242
5314
5726
5229
7124
6494
5204
6337
5553
5549
7104
4901
5113
5912
6049
4866
5069
7503
5002
7017
5062
6698
5216
5663
6179
7022
7152
6113
6109
5993
7483
7499
5404
7495
7473
5169
6470
4917
6003
5194
5806
6223
6548
6221
5062
5655
5058
6367
7112
7340
6403
5000
5823
6673
5419
6815
6075
5783
4954
7504
5167
5203
5473
5055
5408
5065
5437
5506
5532
7340
6432
6536
6629
5864
6469
4923
6911
5192
5819
6160
5395
6249
5259
5559
6223
5560
6249
5920
6086
6148
6087
6149
5439
5012
6275
6091
5069
7477
5005
5226
5061
5148
4998
5909
5185
5467
5050
5004
5529
6684
7522
6715
5094
5748
5389
5502
5500
5909
5421
5899
6005
6861
5060
5046
5774
5795
5088
5732
5105
5394
5679
5855
5270
5875
5415
5205
5057
5108
6840
5202
6259
7168
6295
5142
5378
6294
5159
5621
6459
5153
5876
5308
5705
5718
5495
6528
5021
7013
5001
5407
6029
6545
5491
6114
6216
5390
6075
5251
5009
5077
7351
7353
5110
5999
5413
7019
5789
7101
5837
5949
5386
5518
6131
4987
6148
7177
6149
7158
5947
7321
5991
6574
5261
5386
5784
5531
5591
5871
5719
6168
7005
6167
7007
5767
7097
5045
5388
5501
5189
5194
5372
6235
6278
5527
5879
5236
5796
6230
7104
5084
5225
5919
6480
6693
5913
5267
5828
5090
5175
5150
6828
7139
5209
6046
5109
7043
7018
5663
5277
6417
6757
5299
6093
7352
7354
5489
5788
5891
5266
6073
5219
5406
5897
5091
5050
5154
6971
6190
6325
7144
5444
6026
7142
5276
6595
7497
5061
6103
6428
5341
5747
6009
5128
5381
7387
5282
6653
7151
5113
6143
5424
5398
6303
6744
5425
6478
5591
6170
5255
5408
6348
6560
5079
5572
6127
5614
5104
5121
6297
5111
6298
5468
5235
7573
5098
6534
5728
5857
6416
5563
5107
6660
5112
6304
5186
6305
6107
7180
6055
6108
7192
5098
7540
5449
5494
6484
5811
5146
6357
5286
6021
5817
6032
5727
5535
6013
6322
6383
5307
5430
5214
5504
5939
5594
6114
7479
6339
7176
6435
6436
5415
6448
5646
6929
6984
7268
5577
5698
6890
5803
6434
6070
5112
6467
5630
6271
5509
5622
6365
7241
5113
5419
5432
5887
5972
5545
5282
5544
5182
6061
5343
5198
5216
6200
6382
5193
5414
6186
5399
6090
5181
6255
5624
5636
5664
6037
6050
7243
5232
6972
5297
6944
5289
6325
6333
5783
6041
6057
7249
6039
6044
7247
5299
5358
5431
5708
6040
6053
7245
5155
5505
5329
5370
5432
5452
7394
5225
6024
6970
5898
5450
7400
5440
5476
5690
5238
5640
6371
6388
5670
6989
7036
5825
5304
5461
7097
5618
5825
5595
5358
5372
6552
6129
5186
6468
6457
5287
5548
7499
5752
5811
5733
6257
5970
5332
6487
5858
6741
5958
5991
6431
5222
6223
6385
7206
5335
6386
7226
6254
5614
7379
6486
5750
5942
5247
6584
7296
5694
5224
5339
5413
5263
5540
5353
5390
5360
5537
5244
5529
7024
5881
6738
5368
5796
5820
5956
5629
5905
5461
5400
6028
6765
6410
5237
5578
5507
5699
7255
5589
5616
5588
5611
6498
5240
5580
5303
7188
5901
7093
5243
5526
6115
6219
5292
5300
5694
5291
5938
6262
5528
6994
5659
5660
5732
7511
5475
6988
5912
5574
6392
5608
6942
6399
5600
7311
7530
6361
6863
5517
6039
6340
6262
6352
6041
6343
6004
6342
7015
6199
5466
6162
7476
7495
5472
5561
6050
5550
6053
5866
6037
6346
5941
6040
5902
6169
5275
6009
5916
5895
5889
5944
6044
6200
6359
6749
7329
6023
5963
6775
5721
6012
5310
6252
7452
5953
6057
5322
6122
5328
6121
5980
6192
6413
5303
5579
5866
5924
6592
5441
5745
5302
5592
6549
6540
7032
5438
7532
5417
5872
5826
6225
6379
5377
7391
6118
7483
5685
6097
6332
6434
5707
6994
5498
5722
7034
5519
6360
6732
7588
6084
7091
6078
6280
7489
5900
6073
5599
5729
5808
6144
6419
5602
6228
5968
6270
6340
7049
6261
6343
7052
6732
6871
7124
6092
5517
6008
6299
6866
6267
6346
7067
5767
5703
7137
6612
5594
5628
6351
5743
6364
6031
6087
6300
5668
5423
5422
5500
6120
5849
6059
5672
5402
6882
5728
7529
5673
5854
6257
6458
5607
6463
5493
6140
5778
6630
5569
5714
5570
5715
5485
5620
6074
6437
6856
5730
6572
6575
7134
6560
6536
5822
5836
6119
5518
6114
6118
6016
5695
6055
5644
5624
7118
6031
6063
6963
5657
6133
5770
7493
5553
5773
5888
7497
5830
7042
6051
6104
7525
6332
7303
5507
7147
5467
5527
6546
6420
7208
6421
7231
5491
6391
5716
5749
5973
5444
5840
6247
6261
6343
6026
6161
6066
5437
6390
7179
6249
6389
7193
7534
5484
6848
5701
6067
6267
6346
6379
5650
6542
6800
5673
5869
6403
7432
5483
6081
6565
7201
5486
5610
5609
6434
5653
5807
5521
6020
6166
6408
6865
6446
6068
6270
6340
6082
6402
5557
6402
7488
6256
6377
6216
5803
6106
6496
5482
7322
5850
6069
6248
5683
6157
5986
5802
5819
6904
6144
6379
5522
5757
7544
5723
6536
5577
6301
7138
6059
7111
5786
6117
7515
6622
6131
5711
6091
6397
5565
6484
6965
5808
6815
5927
6246
7522
7525
6179
6269
6544
6030
6577
6065
6276
6787
5899
6400
6778
6866
5886
5925
6099
6046
5736
5929
5737
5930
6142
6278
7501
6159
5651
6213
6257
6287
7489
5858
5854
5698
5642
6214
7511
7529
7282
6131
5576
5849
5787
5907
5804
7456
6681
5881
5906
6427
6889
7335
6029
6545
6182
6390
7057
6183
6389
7064
6180
6386
7047
6181
6385
7054
5962
5617
5619
5747
6405
6899
6658
7234
5814
6450
5939
5828
6374
6456
6796
7447
5959
6999
7023
7113
6943
6423
7157
6424
7178
5642
7276
6441
6609
5772
5904
7110
5651
5680
6137
5833
6022
5684
6138
5720
6175
5680
6092
5692
6167
5693
6168
5684
6746
6742
6448
6737
5878
6446
5776
6250
5734
6442
5838
6516
6586
5987
6450
7108
6884
7029
5724
7296
7335
7059
5934
6931
6511
5908
5955
5932
6060
6509
6440
5951
6474
6200
6382
7062
5751
5769
6228
6317
5718
6540
6766
6236
6123
6127
5719
5919
6063
5769
5889
7239
6684
6251
6968
6283
6154
6174
6852
7106
6508
5892
6549
6900
5816
7562
7563
5835
6759
5862
5967
6998
6999
7341
7342
6016
5806
6293
6893
6031
6744
6511
7218
5897
6116
7146
6141
6411
6472
6301
6064
6092
6384
7527
6013
6778
6051
6104
6395
6655
6494
6811
7416
7546
7549
5992
7327
6607
7176
5843
6339
7187
5958
6442
6124
6765
6300
7536
6017
6229
6162
5954
7036
5791
6284
6840
6277
6391
5751
6237
6872
7512
5997
7516
6038
6553
6013
6322
6074
6103
6672
5790
5826
6960
5916
6472
5958
6264
6535
5856
7519
6483
6195
6424
7079
6196
6423
7082
6336
6550
6475
6570
6098
6193
6421
7069
6194
6420
7072
6238
6541
5983
6152
6337
5813
6373
6000
6371
7096
6483
5917
7528
6217
5774
7126
5950
5989
6084
6146
6891
6230
6147
6238
6105
7116
6017
7580
5908
6275
5853
7100
5875
6505
5884
7289
5820
6003
5816
5878
6657
6718
7134
6000
6341
7306
5894
6563
6102
7458
5824
6284
6033
6125
6156
6597
5923
5974
6365
5997
6079
6230
5970
6025
6082
6075
6976
6637
6223
6022
6513
6025
7257
5898
7106
6426
6470
6518
6083
5867
5966
6199
6747
7307
5895
6482
6379
5974
7538
6277
6502
6598
6258
6612
6437
7536
6764
6529
6047
6403
7521
7491
7528
5984
6480
6703
5900
5936
7109
6780
7116
6029
6332
6327
6784
6027
6410
6896
6171
6417
5997
6079
6394
7506
7508
6091
6392
6111
6363
5998
6115
5918
6058
6173
6414
5985
6380
6064
6251
7510
7518
7574
5904
6150
6212
7110
6047
6143
6139
6571
6500
6517
6521
7481
7485
6221
5986
6239
6986
6136
5971
5998
6282
6272
6357
6498
6664
6923
6900
7529
5996
6542
6303
6156
6570
5993
6198
6142
6847
7328
6210
6028
6203
6338
6636
6406
6488
6283
6618
6150
6491
6291
6368
6792
7292
6314
6539
7536
6151
6315
6523
5969
6921
6414
6478
6577
5966
6376
6762
7151
6282
6082
6563
6007
5979
7383
6076
6801
6004
6170
6342
7140
6318
7539
6256
6377
7117
6364
6428
6150
7101
6282
6369
5977
6239
6952
6953
7301
6522
6785
6813
6990
6271
6742
6268
6737
7118
6504
6007
6350
6412
6452
6501
6215
6269
6042
6392
6035
6235
6278
6099
6440
6383
6607
7234
6543
6418
6188
6229
6232
6163
7027
6157
6299
6537
6314
6539
6571
6042
6231
6449
6832
6995
7102
6220
6593
6833
6208
6712
6172
6260
6699
6428
6345
6501
6124
6772
6286
6345
6214
6233
6145
6263
6213
6335
6249
6323
7269
6542
6162
6300
6123
7522
6547
6080
6279
6439
6673
6084
6146
6201
6219
6187
6280
6397
6235
6326
6427
6251
6198
6539
6226
6478
6563
6227
7519
7536
6364
6780
6289
6548
6688
6647
6476
6810
6485
6510
7313
7481
6201
6558
6438
7145
6319
7516
7485
7541
6220
6325
6681
7541
6210
6910
6296
6387
6225
7473
7531
6318
6555
6338
6145
7384
6243
6574
7550
6286
6567
6528
6465
6642
6648
7109
6161
7133
6263
6200
6359
6372
6575
7203
6887
6439
6315
6497
6666
6422
7004
7001
6597
6522
6473
6544
6409
6524
6236
6297
6310
6683
6298
6311
6651
6304
6312
6644
6305
6313
6633
6518
7531
6576
7298
6334
6241
6409
7140
6318
6582
6306
6328
6674
6307
6329
6659
6308
6330
6641
6309
6331
6649
6412
6206
6274
6477
6622
6479
6547
6598
6497
7119
6465
6366
6613
6240
6713
6909
6349
6581
7508
7109
6350
6372
6228
6242
7092
6255
7489
6321
6561
6591
7113
7333
6513
6975
6625
6961
6552
6241
6314
6393
6499
6446
6831
6354
6566
6604
7191
7326
6682
6650
6530
6322
7142
7304
6412
6503
7318
6362
6425
6429
6937
6897
6898
6324
6752
6275
6282
6594
6605
6395
6448
6445
6316
6580
7100
6535
6455
6433
6529
6705
6433
6482
6555
7121
6489
6862
6526
6600
6507
6614
6541
6581
6726
6531
6576
6320
6675
6686
6386
6385
6405
6714
6430
6485
7189
6390
6389
6421
6420
6424
6423
6486
7230
6487
7160
6467
7181
6468
7155
6613
6369
7517
7479
7512
6583
6612
6609
6457
7185
6458
7163
6435
7171
6436
7196
6452
6589
6347
7550
6577
6519
6590
6422
6520
6535
7397
6455
6946
6393
6359
6798
7233
6700
7575
6377
6613
7019
6607
7187
7589
6408
6464
6430
7242
7324
6416
6964
6532
6460
6803
6542
6443
6614
6429
6464
6475
6533
7020
6508
7279
6476
6470
7539
6502
6427
6619
6621
6541
6621
6599
6568
7142
6418
6506
6799
6695
6444
6490
6496
6461
6444
6514
6590
6519
6620
6440
6560
6625
6611
6936
6499
6587
6574
7397
6526
7504
7144
6869
7517
6493
7547
6558
6507
6585
6538
7143
7242
6564
6504
6521
6593
6615
6947
6524
6546
6493
6473
6622
6492
6559
7415
6558
6564
6797
6580
7540
6480
6524
6537
6515
6517
7122
7125
7165
6585
6624
6580
7101
6540
6822
6585
6730
6579
6525
6589
6616
6533
6523
6537
6616
7331
6627
7260
7548
7550
6611
6850
6595
7533
6589
6590
6529
6628
6697
7167
6946
7542
6602
6619
6570
7533
7540
7148
6546
7088
6795
6614
6571
6551
7548
7547
7488
6595
7150
7259
7223
6562
6858
6949
6587
6859
6621
7094
6599
6591
7143
7148
6626
7199
6593
6604
6781
6629
7166
6719
6602
6608
7251
6587
6619
6595
7497
7173
7235
6748
6788
6606
6627
7212
6948
6949
6630
7198
6821
6615
6606
7298
6610
6934
7494
6668
7492
6689
6623
6617
7492
7315
7330
7320
7450
7521
7547
6630
6629
6639
6671
6655
7061
7155
7452
6663
6665
6667
6638
6671
7219
7258
7076
7171
7177
7225
7056
7181
7192
7158
7081
7196
7205
7051
7160
6654
7252
6693
7251
6658
6808
7071
7163
6696
6984
7268
7211
6665
7240
6728
7215
6948
7494
6721
7212
6673
7066
7185
7232
6689
7327
6702
7544
7227
7046
7230
7525
7207
7508
7180
6690
6691
6692
6692
6694
6696
6697
7165
6698
6698
7265
6700
6702
6701
6702
6704
6707
6709
6708
6709
6711
6830
7140
7253
6713
6831
6793
7256
6866
6716
6799
6719
6808
7580
6723
6725
6724
6725
7174
6727
6792
6729
7239
6730
7240
7239
6732
6734
6736
6737
6738
6738
6740
6741
6742
6742
6744
6746
6745
6746
6798
6748
6750
6752
6752
6754
6755
6893
6756
6846
6756
6758
6760
6768
6762
6764
6763
6764
6766
6768
6770
6772
7024
6771
6772
6774
6776
6778
6780
6779
6780
6782
7094
7115
7236
6899
6787
6788
6850
6788
6790
6792
6794
6796
6798
6899
6801
6803
6802
6803
6842
6895
7467
7469
6806
7273
6808
6810
6812
6892
6814
6991
6816
7275
7278
6819
7275
6821
6822
7280
7279
6825
7281
7284
6825
6827
6829
7138
6831
6833
6835
6837
6916
6839
6840
6841
6841
6926
7464
6845
6847
6848
6849
6849
6851
6853
6855
6854
6855
6857
6859
6861
6863
6865
6926
6927
7233
6868
7136
6870
6872
7125
6874
6876
6878
6878
6880
6882
6884
6886
6888
6890
6892
7091
6894
6896
7361
7362
6900
6902
7108
7149
6904
6906
6908
6910
6912
6914
6916
6918
6920
7294
6923
6925
7358
7464
6929
6931
6933
6935
7421
7418
7009
7345
6939
6941
6943
6945
7427
7423
7425
6947
7496
6951
7376
6955
7564
7565
6957
6959
6960
6961
6961
6963
6965
6968
7153
7277
7349
7350
6969
6971
6973
6974
6975
6975
7188
6977
6979
6981
6983
6985
7374
7375
7374
6989
7238
7296
6991
6993
7369
6995
6997
7343
7000
7301
7342
7344
7002
7004
7006
7008
7010
7561
7562
7563
7012
7014
7016
7129
7018
7020
7174
7295
7509
7587
7025
7027
7119
7029
7031
7033
7088
7035
7037
7389
7386
7388
7041
7537
7553
7392
7043
7398
7558
7575
7575
7047
7049
7048
7049
7050
7226
7227
7052
7054
7053
7054
7055
7206
7205
7057
7059
7058
7059
7060
7179
7180
7062
7064
7063
7064
7065
7193
7192
7067
7069
7068
7069
7070
7231
7232
7072
7074
7073
7074
7075
7208
7207
7077
7079
7078
7079
7080
7178
7177
7082
7084
7083
7084
7085
7157
7158
7087
7445
7089
7091
7093
7095
7097
7099
7101
7103
7105
7107
7241
7110
7339
7339
7114
7332
7116
7236
7118
7122
7308
7123
7307
7125
7127
7129
7131
7132
7133
7133
7291
7135
7137
7139
7141
7254
7143
7145
7147
7149
7151
7155
7246
7156
7245
7158
7160
7249
7161
7250
7163
7246
7164
7245
7167
7216
7167
7217
7169
7171
7247
7172
7248
7174
7176
7178
7180
7182
7183
7244
7243
7185
7244
7186
7243
7188
7190
7325
7191
7326
7193
7196
7249
7196
7250
7198
7252
7199
7251
7201
7203
7266
7204
7265
7206
7208
7210
7268
7211
7267
7213
7215
7338
7443
7449
7217
7219
7220
7221
7221
7225
7225
7227
7230
7247
7230
7248
7232
7234
7296
7238
7238
7242
7244
7246
7248
7250
7252
7254
7256
7255
7257
7257
7259
7327
7260
7328
7262
7264
7263
7264
7266
7268
7270
7272
7271
7272
7274
7276
7278
7280
7282
7284
7309
7312
7311
7520
7288
7288
7290
7291
7292
7292
7294
7523
7524
7298
7300
7299
7300
7302
7347
7344
7304
7305
7306
7306
7308
7520
7312
7526
7526
7315
7317
7315
7316
7317
7320
7322
7320
7321
7322
7324
7325
7326
7326
7328
7330
7333
7331
7332
7333
7441
7442
7338
7428
7451
7340
7343
7345
7347
7350
7577
7348
7355
7353
7356
7356
7564
7565
7360
7359
7362
7361
7362
7365
7367
7366
7572
7573
7370
7371
7371
7372
7543
7373
7523
7376
7378
7378
7379
7568
7569
7381
7384
7383
7384
7387
7389
7388
7394
7554
7470
7395
7554
7537
7395
7486
7482
7400
7560
7550
7399
7401
7478
7475
7405
7406
7406
7410
7409
7411
7411
7415
7416
7415
7416
7419
7422
7421
7421
7422
7427
7425
7428
7428
7431
7437
7433
7438
7581
7437
7438
7586
7443
7507
7442
7443
7447
7448
7447
7448
7507
7452
7455
7457
7457
7458
7463
7472
7462
7463
7570
7469
7466
7468
7474
7568
7473
7566
7570
7478
7480
7477
7481
7486
7487
7485
7490
7489
7493
7494
7500
7498
7497
7498
7501
7513
7518
7504
7513
7524
7512
7515
7517
7516
7517
7521
7526
7527
7543
7529
7533
7534
7571
7537
7538
7546
7549
7553
7555
7540
7542
7544
7587
7546
7548
7552
7554
7555
7554
7557
7560
7559
7560
7574
7574
7564
7565
7565
7569
7570
7569
7572
7576
7579
7579
7578
7583
7585
7586
7589
)


// ************************************************************************* //
