/*--------------------------------*- C++ -*----------------------------------*\
  =========                 |
  \\      /  F ield         | OpenFOAM: The Open Source CFD Toolbox
   \\    /   O peration     | Website:  https://openfoam.org
    \\  /    A nd           | Version:  13
     \\/     M anipulation  |
\*---------------------------------------------------------------------------*/
FoamFile
{
    format      ascii;
    class       faceSet;
    location    "constant/polyMesh/sets";
    object      iface_pipes_baffles;
}
// * * * * * * * * * * * * * * * * * * * * * * * * * * * * * * * * * * * * * //


4390
(
81921 
32786 
81939 
163861 
65562 
196635 
196650 
196660 
180279 
114745 
98362 
65594 
196672 
16452 
81989 
196679 
196693 
16476 
196703 
196708 
213098 
213105 
163955 
196724 
32885 
98423 
196728 
196734 
131200 
196738 
147586 
82052 
147588 
82056 
32908 
196755 
229526 
82074 
196762 
163994 
147613 
196775 
196778 
65714 
196786 
196789 
49337 
196794 
82111 
196807 
196809 
196814 
98524 
114910 
196830 
98527 
196837 
196850 
82162 
180467 
196854 
49403 
82179 
82184 
49418 
16650 
196878 
196885 
196891 
180509 
196906 
196910 
196912 
82231 
65849 
131391 
82244 
82248 
180553 
196943 
49488 
196947 
65877 
196951 
82271 
131423 
16746 
82282 
196973 
180592 
196977 
147827 
82293 
196982 
196995 
33158 
115078 
197010 
82333 
115104 
197025 
197027 
82344 
16820 
82358 
197047 
82366 
131523 
147909 
164294 
197064 
197066 
82391 
197087 
197094 
49647 
16880 
197105 
164341 
164358 
197127 
98825 
49678 
131599 
98835 
197139 
16920 
82458 
98843 
197147 
98846 
33318 
197165 
213549 
180784 
197169 
164410 
33360 
16976 
49752 
197208 
197211 
66154 
66166 
17020 
213636 
66181 
131722 
197262 
197264 
197267 
197271 
33434 
197274 
66206 
98986 
66222 
115378 
82613 
148150 
131766 
148159 
131782 
131790 
33491 
213732 
197349 
82674 
213746 
197363 
66293 
131830 
180996 
33543 
66320 
115478 
82711 
115481 
49946 
115488 
148256 
66355 
197455 
82782 
181089 
131942 
82793 
197481 
197498 
33667 
17284 
197511 
33676 
197516 
82846 
197541 
230314 
66484 
197559 
230328 
33721 
197566 
197570 
66501 
82895 
197584 
99283 
197589 
148438 
197591 
33759 
82927 
33775 
197619 
99327 
197639 
197642 
197649 
164882 
197651 
115732 
148500 
82972 
197661 
148509 
197664 
66598 
148518 
82983 
197675 
230448 
197685 
17468 
197695 
197698 
83011 
197701 
197706 
115794 
83027 
197721 
83036 
33887 
148578 
33891 
197738 
83051 
214125 
197744 
99440 
99456 
197762 
83077 
197772 
148620 
197776 
230547 
17568 
83112 
17589 
132288 
50371 
197835 
214222 
132304 
17628 
83170 
83179 
197868 
83183 
50416 
17648 
132344 
83194 
132348 
17667 
83213 
197904 
197905 
197912 
83225 
83228 
83229 
148766 
83231 
83239 
83241 
165164 
197934 
83249 
197939 
197942 
17725 
83264 
197954 
197956 
116040 
197962 
230731 
132428 
197965 
17749 
165206 
34134 
230745 
83291 
17756 
99676 
83293 
83294 
197985 
83298 
181603 
116070 
197994 
83307 
83309 
83310 
132463 
66929 
198003 
83315 
198008 
198010 
83336 
99728 
148891 
66972 
34207 
83361 
148898 
66986 
83371 
198060 
50614 
50617 
165306 
198080 
230851 
198083 
198088 
34248 
83402 
83404 
198097 
132562 
132566 
198102 
198104 
181721 
83421 
17889 
83427 
198116 
83430 
198130 
148980 
116213 
83447 
198137 
198139 
83451 
198144 
198146 
198149 
198151 
17929 
198156 
230924 
198161 
50707 
83481 
198173 
17949 
198176 
198184 
198193 
198194 
149045 
198198 
198200 
198201 
198204 
83524 
198213 
83540 
198232 
116313 
165467 
34401 
198242 
116324 
18033 
198262 
165495 
67196 
132739 
67206 
67216 
83602 
198306 
18083 
198311 
149165 
198321 
83635 
165557 
198331 
198335 
83648 
149188 
83653 
198345 
165592 
198361 
132827 
149212 
83678 
132839 
83688 
83691 
132855 
149241 
83710 
132862 
165631 
18175 
34563 
83721 
132874 
198413 
83729 
214803 
34580 
67350 
83742 
149282 
198434 
18211 
149287 
34603 
149295 
18225 
83765 
83768 
149308 
149310 
83778 
132940 
149325 
116569 
34652 
132956 
165729 
83816 
83829 
165751 
18300 
67458 
231298 
214923 
100242 
83860 
214940 
34720 
18338 
198571 
83883 
83889 
83896 
18361 
18364 
133055 
198594 
18370 
18374 
165831 
67530 
34765 
83922 
182227 
83925 
83929 
149466 
83942 
34792 
18414 
149489 
83954 
149492 
198647 
198651 
198653 
18429 
198663 
198665 
83983 
83986 
18452 
198682 
18467 
198694 
149544 
84009 
198706 
67636 
84025 
198714 
84027 
198722 
198726 
198730 
34892 
84044 
149581 
198733 
84048 
84051 
198740 
84056 
149594 
133210 
34908 
231518 
84063 
149602 
182373 
84070 
84073 
149613 
84079 
84081 
84087 
84090 
231554 
84099 
84113 
84117 
133276 
84126 
84131 
198824 
84137 
84148 
18617 
84157 
149695 
84161 
84162 
84165 
84166 
149707 
198860 
84173 
231636 
84183 
84184 
166106 
84190 
84194 
35043 
84197 
84199 
84201 
84202 
84215 
198908 
35077 
84238 
133428 
84277 
35127 
133436 
84289 
84292 
215369 
35147 
133451 
149835 
35151 
100690 
215387 
35163 
84316 
18786 
35180 
84333 
215408 
84340 
100724 
35194 
35197 
166270 
166273 
231811 
35204 
84358 
149895 
35211 
149902 
231824 
215441 
84369 
149909 
84375 
84376 
231833 
133529 
84378 
199067 
84379 
84387 
84397 
166317 
133552 
35248 
35250 
18866 
84404 
84414 
84415 
84417 
215490 
84421 
84422 
84425 
84427 
133579 
84428 
84429 
199119 
35284 
84437 
84439 
84440 
166360 
84441 
84443 
84444 
84445 
84446 
84450 
231910 
84456 
166376 
35305 
84462 
199154 
84468 
117242 
84497 
84501 
18973 
133665 
150051 
84516 
18981 
166437 
18985 
215594 
150060 
215598 
84529 
84536 
84544 
68161 
133697 
133700 
84549 
133704 
84555 
133708 
84559 
133724 
100964 
166508 
35448 
215674 
150140 
35465 
215695 
35476 
51870 
232095 
101026 
215718 
19117 
215726 
199344 
150198 
215740 
133821 
35517 
101055 
150209 
51905 
150212 
133829 
19146 
35532 
84687 
35545 
101083 
35557 
101094 
166642 
215795 
133881 
150270 
150275 
133896 
101135 
166676 
101141 
166679 
199456 
84769 
19238 
150312 
232233 
84782 
133941 
84791 
84794 
19259 
68412 
215869 
35646 
150335 
133962 
19283 
84826 
19290 
133978 
183135 
150379 
19309 
52089 
35713 
84865 
134023 
199564 
19344 
150418 
166802 
199571 
84889 
35738 
150432 
215973 
84905 
199595 
35760 
134065 
101298 
150452 
52163 
216006 
150472 
68558 
134098 
35799 
35802 
134113 
68581 
35814 
150503 
52212 
101364 
52215 
150519 
35834 
150531 
101393 
134162 
150550 
101398 
35868 
35884 
150576 
216117 
232502 
85049 
35905 
19521 
166979 
166982 
117832 
150600 
101453 
150607 
35919 
199760 
134225 
216169 
150640 
199796 
150649 
101504 
52375 
199832 
52378 
216224 
134311 
150703 
150708 
36022 
150711 
68793 
199879 
150728 
36041 
150733 
134350 
52431 
52434 
19680 
85221 
150763 
183539 
118004 
134390 
19710 
216320 
68867 
19720 
36105 
101647 
19728 
150803 
134425 
19742 
36126 
68895 
183589 
101670 
68909 
232754 
150835 
36162 
134468 
134470 
150857 
167243 
150860 
232780 
134478 
232789 
36197 
167269 
85349 
52583 
150897 
36210 
52595 
200068 
150928 
36243 
150934 
36249 
183707 
36256 
200098 
36260 
134569 
150960 
183736 
150972 
36285 
232897 
36289 
36296 
134601 
150999 
69094 
69105 
200187 
183804 
200191 
134655 
151041 
118275 
134663 
134674 
151059 
216595 
19992 
151068 
101916 
216613 
151093 
200247 
200251 
151100 
200254 
69182 
101953 
216642 
233030 
134729 
233042 
151125 
183896 
101976 
36443 
134748 
118365 
36453 
151142 
216679 
151145 
36465 
85618 
36467 
216694 
52858 
36476 
36479 
36481 
151170 
167564 
85645 
134798 
134806 
151191 
36506 
36512 
36513 
36514 
36517 
36519 
183976 
36523 
36524 
200365 
151215 
183983 
85681 
36536 
36537 
36545 
36549 
151238 
36550 
36551 
200397 
36562 
167634 
102100 
134872 
36573 
36575 
36576 
36578 
20194 
36580 
69356 
36593 
20218 
20221 
36606 
134910 
20229 
36616 
85771 
216844 
134924 
36621 
53010 
69396 
151316 
53013 
151317 
184087 
134936 
36636 
151326 
36639 
151330 
102179 
151331 
20260 
36647 
151340 
102188 
36654 
151343 
118576 
200496 
36657 
200500 
134967 
36664 
36666 
151357 
151360 
200512 
36678 
151367 
134986 
167757 
36686 
151377 
151380 
151386 
85851 
36699 
53087 
151393 
53095 
151401 
135019 
151407 
53108 
135029 
151419 
36738 
135043 
135051 
36757 
151445 
151449 
151454 
151456 
36775 
36778 
85930 
36781 
151470 
151477 
151483 
135101 
53182 
36804 
36812 
85966 
85970 
151507 
135126 
217054 
135134 
20448 
233442 
36839 
151538 
151550 
36865 
36869 
135173 
200713 
118797 
135183 
151568 
151569 
151571 
151577 
102428 
200733 
151590 
53287 
135208 
151595 
151600 
135217 
151604 
151605 
217155 
168009 
135242 
151631 
151637 
217173 
36953 
102490 
151657 
135275 
36985 
53374 
118913 
135307 
151692 
151695 
37010 
102548 
151701 
37014 
102556 
37021 
37023 
217254 
37031 
37039 
37042 
151732 
151736 
20667 
135361 
102594 
217288 
53453 
151768 
200922 
151772 
119008 
69864 
151789 
37103 
135409 
37112 
37117 
37122 
86276 
69893 
151814 
37132 
37135 
217365 
151832 
217370 
151834 
119074 
151844 
37156 
168229 
151848 
86316 
135470 
37166 
37178 
201018 
86332 
37181 
37188 
69958 
37190 
201030 
86348 
37197 
37201 
151892 
37214 
37220 
168294 
217446 
135528 
37224 
102761 
201066 
37227 
151917 
135534 
20847 
151919 
151921 
37235 
151928 
37240 
37245 
151936 
135558 
201094 
135564 
37261 
37267 
37272 
102809 
37274 
86428 
37282 
233897 
135599 
102834 
151995 
152001 
184771 
119248 
201170 
37334 
37335 
201178 
201182 
102879 
37346 
201194 
152042 
152051 
168436 
217591 
184823 
135671 
201210 
102909 
152062 
201218 
201222 
201233 
119314 
234003 
135702 
152093 
135719 
37422 
86579 
135733 
37430 
152123 
152126 
21055 
152128 
152130 
152131 
152133 
152135 
37448 
152136 
152137 
152138 
152139 
152141 
152143 
152144 
37456 
152148 
37462 
37465 
152154 
103007 
234080 
152162 
37475 
86627 
152169 
201325 
152181 
37497 
201341 
152189 
37507 
37508 
217743 
217757 
135842 
37539 
119460 
86693 
37548 
152237 
37553 
103092 
119476 
37560 
152249 
37562 
234170 
53947 
37566 
152258 
152264 
37576 
234186 
37580 
152271 
217810 
86743 
37591 
103131 
37606 
152296 
37609 
185069 
217842 
135922 
37618 
152307 
152319 
135936 
201473 
70402 
119563 
37648 
37651 
54036 
21273 
70425 
217885 
217890 
135971 
168741 
135973 
37672 
86839 
37687 
185145 
135994 
152382 
201536 
136005 
37702 
136012 
37716 
136021 
136028 
37730 
185188 
86889 
201577 
37742 
136046 
70511 
217970 
37750 
37752 
185214 
152457 
37775 
103312 
37778 
37781 
152474 
218012 
37790 
136096 
37792 
37796 
37797 
54185 
152490 
103344 
37808 
37814 
201655 
37816 
37826 
103365 
86985 
152521 
37837 
152526 
37839 
37841 
37843 
152531 
37844 
37847 
119768 
37851 
152539 
37856 
152546 
201699 
136163 
103396 
37867 
136171 
152563 
87028 
218102 
136183 
37880 
201722 
152571 
87036 
136190 
218114 
201730 
70660 
201733 
152584 
54281 
201741 
37902 
152592 
152594 
218130 
37908 
152598 
37911 
70683 
152604 
37919 
37921 
152612 
37926 
152618 
37934 
87091 
103475 
234553 
37946 
152638 
201791 
37952 
136257 
103491 
152644 
152646 
54343 
103497 
152651 
152654 
37972 
87127 
103513 
152668 
37981 
119905 
169058 
152675 
152684 
152689 
136310 
218231 
152698 
87167 
152703 
38016 
201865 
152715 
38028 
136333 
152717 
136337 
152727 
87194 
21666 
201895 
234664 
87208 
152748 
70830 
119984 
136369 
152757 
152760 
54460 
218306 
103620 
136389 
218312 
152785 
218322 
103638 
152793 
169181 
152798 
120034 
87268 
136422 
152806 
54508 
136429 
87291 
103676 
38152 
152846 
136475 
103708 
87333 
218407 
38183 
136491 
202030 
38193 
38195 
54579 
38197 
38206 
136512 
38214 
38218 
103756 
38220 
38224 
136528 
136532 
218453 
38234 
152922 
202086 
136556 
38253 
21879 
120184 
103804 
54664 
218510 
218521 
234916 
103845 
38311 
202151 
87465 
38316 
38320 
38323 
38330 
103866 
120250 
202171 
38343 
103881 
38347 
103884 
54733 
136654 
71120 
202197 
38359 
38363 
38367 
87520 
38371 
38378 
153074 
202229 
38390 
38397 
22027 
103950 
103955 
202262 
218646 
136729 
169504 
202280 
169515 
218674 
202291 
235066 
218687 
136773 
218693 
185933 
136789 
169570 
136804 
136808 
218729 
136813 
169583 
104050 
38515 
218741 
22137 
120441 
202371 
202387 
87699 
153237 
202391 
218790 
38567 
186030 
136886 
169656 
202424 
202431 
153281 
202442 
136912 
104147 
235223 
202467 
87786 
218862 
218874 
104189 
120587 
218894 
120592 
202515 
87827 
22298 
55066 
71456 
104226 
120616 
22324 
71479 
202555 
104257 
55108 
235336 
235339 
87889 
87893 
218968 
218970 
169831 
218987 
137071 
137077 
55159 
137087 
219010 
202627 
38787 
137094 
219017 
219020 
202637 
104336 
169877 
202647 
219032 
153505 
202659 
38831 
219064 
202680 
153537 
202691 
104389 
88005 
219079 
202695 
104404 
88032 
219106 
137189 
202727 
104437 
219128 
219130 
169983 
219144 
104462 
120852 
219157 
137244 
153632 
202787 
120874 
219179 
137259 
153644 
219187 
153652 
55355 
104517 
202822 
153671 
219209 
55376 
170067 
55381 
104535 
202849 
235619 
219236 
186471 
104553 
88172 
39022 
71794 
55413 
202871 
104571 
22652 
104582 
186515 
88216 
219291 
88223 
121004 
39086 
104626 
104631 
39098 
219354 
153819 
170204 
104680 
170220 
121069 
202992 
235775 
121088 
219398 
137479 
88329 
104723 
235797 
203042 
121124 
121127 
121131 
219436 
88365 
104751 
203063 
88406 
170327 
203098 
219483 
104800 
219488 
203105 
22888 
219514 
219518 
72085 
137627 
186789 
154023 
88492 
235949 
203186 
121267 
88503 
55737 
104896 
88517 
88521 
154059 
55757 
219600 
154067 
104927 
219626 
39402 
39410 
154107 
88587 
104978 
137747 
219672 
88602 
104987 
39465 
55859 
105014 
88635 
121404 
121407 
105023 
105027 
105031 
219721 
137801 
219725 
88654 
236110 
105056 
203366 
88679 
203370 
88683 
105071 
170609 
137842 
236150 
55927 
219768 
170618 
105085 
219775 
23169 
72322 
105091 
55943 
105106 
137884 
39581 
187038 
105121 
154278 
137895 
137902 
187054 
55989 
187063 
55995 
203451 
219835 
219841 
219844 
105159 
105163 
219853 
170708 
105176 
56030 
56034 
219892 
187125 
39669 
236281 
88830 
236288 
203522 
39685 
56073 
187145 
105227 
219916 
88844 
88848 
88852 
170774 
39705 
219942 
39728 
39731 
56116 
138037 
72502 
88892 
219973 
138063 
56148 
170839 
138079 
121712 
105330 
39794 
121715 
105340 
105348 
105354 
105356 
236430 
203662 
105365 
88983 
170908 
105380 
105382 
170919 
220073 
105390 
220089 
39866 
105405 
220094 
154566 
105417 
121827 
105453 
203772 
187393 
171011 
89108 
105496 
220185 
105500 
203808 
220194 
56374 
187453 
154686 
105537 
154690 
105541 
138312 
89161 
105554 
154710 
89180 
40049 
220283 
105598 
203905 
203911 
187527 
220308 
203929 
220314 
89242 
220315 
40093 
220339 
203957 
203960 
220344 
105662 
89280 
40129 
220362 
220364 
89293 
105684 
56533 
138458 
89308 
154846 
171235 
89316 
171238 
236776 
122090 
154866 
220409 
56575 
154879 
138501 
171276 
105743 
89363 
154899 
220436 
220438 
105751 
220441 
171293 
220450 
220453 
105766 
154923 
220461 
187699 
105780 
236856 
105785 
89405 
220481 
171332 
105800 
105804 
105808 
204115 
105811 
105816 
40281 
105818 
122203 
154971 
204124 
105824 
204130 
40292 
171371 
105838 
204146 
236916 
56692 
105850 
89472 
105861 
220555 
105874 
105876 
220564 
155031 
105880 
220568 
105883 
171419 
105886 
155042 
105890 
220579 
105899 
220587 
56748 
155054 
23988 
187828 
105911 
122298 
105918 
40384 
105920 
89539 
105928 
105934 
89553 
105940 
171477 
105947 
105952 
105956 
105962 
237036 
105966 
220657 
105969 
89588 
220665 
73211 
89602 
40451 
220677 
220681 
220684 
138767 
105999 
89617 
89621 
106007 
220695 
220698 
138794 
106026 
106041 
122426 
122429 
187969 
171586 
155203 
220740 
220744 
171592 
56918 
155223 
171611 
106076 
171616 
40554 
106091 
89711 
89714 
106104 
220792 
106111 
106113 
155267 
40580 
220805 
204424 
220812 
220816 
220817 
122517 
40604 
155295 
106153 
122538 
89770 
57003 
106156 
138928 
24243 
220855 
220858 
171712 
122562 
106181 
106185 
155343 
73427 
73429 
106200 
57052 
106207 
220898 
237283 
220904 
106218 
220907 
204523 
188140 
220911 
40687 
220917 
204533 
40695 
106233 
40703 
24320 
155394 
139020 
204558 
89872 
106262 
220952 
155417 
106266 
220954 
171804 
106271 
106274 
122658 
106281 
106285 
106287 
89913 
171839 
40769 
57157 
122700 
89936 
106323 
188244 
221013 
106326 
89943 
171864 
106329 
40795 
106342 
155501 
237423 
106358 
171895 
106362 
221051 
89980 
221055 
171905 
40834 
40838 
221063 
106377 
90000 
73617 
106385 
57248 
73636 
139172 
90024 
40872 
171959 
40888 
106425 
171962 
90046 
122817 
90050 
106441 
106443 
106446 
106451 
221142 
106455 
221144 
90074 
155620 
106469 
106471 
172008 
106474 
155628 
204783 
106489 
221179 
155645 
221188 
40970 
24587 
106510 
237583 
237585 
204826 
221216 
155685 
221232 
90160 
106549 
122934 
172089 
155705 
106555 
106556 
188476 
221244 
155709 
172095 
24660 
57433 
172122 
188510 
221280 
73826 
172132 
106603 
106605 
221296 
41072 
90226 
139381 
204927 
172163 
57480 
106642 
155801 
172185 
155809 
172197 
221358 
155825 
106675 
90291 
188596 
41142 
188602 
90303 
221377 
106690 
221379 
221383 
106698 
221388 
205008 
221393 
123089 
106708 
123092 
221398 
221400 
139481 
172250 
90332 
221408 
106724 
221415 
41194 
106736 
57587 
221435 
221440 
106765 
221454 
57614 
106767 
221456 
74002 
221462 
106774 
221463 
221464 
221465 
221466 
221468 
41246 
221470 
41250 
172323 
221476 
57638 
106793 
188716 
57644 
237870 
188719 
139568 
106802 
139575 
90424 
41273 
221512 
221513 
155977 
57676 
106831 
123215 
106833 
106835 
221524 
155988 
205141 
106838 
106840 
155992 
106843 
205148 
106845 
106846 
172383 
106847 
106849 
106850 
57699 
106851 
106853 
57702 
172392 
106857 
57709 
106861 
106863 
41330 
106869 
106876 
90495 
106879 
172421 
106885 
123277 
90509 
221581 
188815 
221584 
41361 
41365 
106902 
221592 
221594 
221596 
221600 
41377 
90531 
57764 
106917 
106920 
221610 
188843 
221623 
106936 
221625 
188859 
106942 
156095 
238016 
106948 
106951 
90573 
156111 
90577 
172502 
106969 
156122 
238042 
188892 
172512 
106985 
106997 
172533 
57850 
188927 
172553 
156170 
90637 
156182 
238104 
156186 
172573 
41508 
172581 
156198 
123435 
107062 
156219 
205373 
238141 
172622 
41550 
123477 
139878 
57960 
90730 
107114 
221803 
25198 
41585 
221809 
139889 
107124 
172661 
90744 
41593 
107132 
41601 
107138 
90764 
172686 
205455 
172694 
172697 
90779 
123547 
156321 
41634 
107176 
90792 
221866 
90796 
107183 
221871 
205493 
221883 
156348 
172733 
221885 
221887 
221888 
238272 
90817 
221894 
90826 
58060 
221903 
189136 
156373 
221913 
107227 
41693 
221918 
41697 
107233 
107235 
156389 
221926 
107240 
189163 
58092 
74478 
189168 
205558 
90875 
107275 
107283 
58134 
107287 
41755 
107291 
140059 
107295 
123679 
90914 
107299 
221996 
107309 
238387 
107315 
156467 
107319 
156475 
107325 
107327 
107329 
107335 
222023 
107340 
58193 
90962 
107348 
41815 
156508 
172894 
107359 
172900 
156516 
58213 
90982 
25452 
107377 
107386 
107389 
107393 
107399 
222096 
205713 
41874 
222104 
41881 
107418 
107422 
107427 
172969 
107439 
58295 
107450 
107451 
58301 
107455 
107456 
107459 
156614 
107463 
107473 
156626 
205782 
58328 
156637 
91103 
41956 
156645 
107496 
107500 
107502 
222191 
140273 
107506 
156662 
107510 
107514 
25596 
107518 
107522 
222214 
140295 
156688 
58384 
42002 
107542 
205852 
107550 
238625 
107554 
156707 
25637 
107562 
107570 
140339 
42038 
238650 
107578 
107582 
107585 
238658 
222282 
238683 
107613 
25698 
173154 
222318 
173171 
58499 
58502 
25737 
189595 
156839 
91304 
173224 
222381 
238767 
238770 
124090 
173244 
156863 
91342 
58577 
222417 
156889 
42201 
58588 
156893 
173277 
58597 
238823 
58602 
173293 
222449 
222452 
107781 
124166 
75027 
206099 
42266 
58653 
173346 
25890 
107813 
124202 
189739 
173359 
58671 
173363 
140595 
156983 
91454 
124224 
156996 
222532 
25927 
42314 
157004 
124237 
58704 
157014 
173400 
42328 
124256 
140641 
238949 
58729 
173423 
173424 
124273 
58738 
25979 
157067 
91533 
239013 
173477 
157094 
173481 
140720 
107956 
42422 
239034 
42429 
173504 
206285 
42445 
173517 
58836 
173527 
206295 
58845 
173535 
173539 
157156 
91625 
173546 
140781 
222709 
173563 
222716 
173566 
173568 
140801 
42499 
189963 
42510 
173583 
173590 
173592 
157209 
91676 
58909 
173597 
239133 
42525 
173606 
42535 
222764 
157229 
173614 
173618 
173622 
173625 
222780 
173631 
173639 
173642 
173650 
173652 
190037 
157269 
124501 
173654 
173656 
173658 
42587 
157281 
173670 
173671 
173678 
59004 
173698 
173702 
124550 
42633 
59020 
173711 
26255 
173712 
59026 
42643 
59031 
75415 
222871 
108184 
173721 
75421 
173730 
157353 
173740 
26286 
59055 
173743 
173749 
173754 
124605 
173763 
42693 
141003 
173775 
141009 
173780 
173782 
59100 
173788 
173800 
26345 
157417 
173803 
190197 
42746 
190202 
26363 
157438 
173827 
42766 
42779 
124702 
108319 
173856 
239397 
173868 
223021 
141103 
239408 
223025 
173880 
157499 
42812 
59199 
75585 
223044 
59209 
124747 
239438 
173902 
42831 
173908 
124757 
75607 
173913 
173916 
206690 
59235 
124779 
59245 
59249 
173939 
42868 
75645 
75648 
173952 
42881 
157570 
157576 
59275 
92044 
173971 
26519 
59288 
223136 
59298 
173987 
173991 
173996 
108467 
42953 
92107 
157655 
174059 
59372 
157677 
42992 
75762 
174076 
223231 
239620 
174092 
174093 
174095 
157716 
174113 
174121 
92201 
92205 
223278 
124979 
223286 
59449 
108602 
174142 
174145 
174151 
59463 
174154 
223309 
239694 
239698 
108626 
43090 
174163 
157784 
157791 
174177 
174186 
141418 
59499 
174193 
174194 
223349 
206972 
125053 
223357 
26751 
43139 
125061 
157831 
190603 
157837 
174232 
92312 
59554 
239780 
239783 
59560 
174254 
43185 
59569 
223413 
59575 
108734 
223432 
207050 
157899 
75985 
26835 
174292 
190678 
59619 
174309 
141547 
43245 
174336 
43269 
174343 
59656 
92425 
108809 
174348 
174350 
223505 
174358 
157974 
108825 
223517 
43295 
125221 
43306 
92472 
174394 
43328 
158026 
59725 
190797 
174416 
223569 
59733 
174427 
207198 
223585 
174444 
158060 
223605 
174464 
174465 
43404 
174476 
108945 
174484 
27031 
125339 
223652 
240039 
223660 
207282 
174524 
174525 
174529 
223683 
109001 
59859 
158164 
174549 
223714 
158179 
43500 
59885 
207343 
174586 
92667 
174589 
223746 
174595 
43526 
43530 
240139 
92691 
174619 
158238 
59942 
141868 
207406 
174642 
174646 
223800 
174649 
27200 
174657 
174660 
174665 
174667 
43599 
174685 
240223 
43621 
158310 
207469 
174704 
109169 
174710 
207481 
109180 
174722 
158343 
240270 
109199 
223892 
240281 
43673 
43678 
174751 
191140 
207527 
60095 
174787 
60101 
223943 
158412 
174798 
191187 
174808 
174817 
92902 
174822 
158443 
158447 
60145 
223994 
125695 
240387 
240395 
174861 
174870 
240407 
27415 
224024 
174876 
158492 
174880 
109345 
174882 
174884 
76581 
174885 
240422 
174886 
174888 
92970 
174890 
174891 
174892 
174893 
174895 
60207 
174896 
142128 
158513 
174898 
240438 
60215 
174908 
60222 
240448 
174912 
174914 
174916 
60232 
240458 
43853 
174929 
174935 
60248 
174938 
174950 
174953 
174959 
174963 
174965 
125814 
109432 
191363 
174983 
224143 
109456 
142229 
60314 
125851 
43934 
60318 
60320 
109480 
224170 
158634 
158642 
60339 
93111 
60350 
60355 
27591 
191434 
60364 
224205 
142289 
158681 
60382 
60387 
93155 
60388 
27623 
142319 
60405 
158710 
60410 
60417 
60418 
125955 
60423 
240648 
60428 
240654 
158735 
60432 
109584 
60435 
76820 
60437 
60438 
60444 
158762 
240683 
60464 
60466 
60473 
175167 
175169 
126020 
44101 
60485 
60495 
60498 
158805 
60502 
60507 
109660 
60511 
109664 
158817 
60516 
142438 
191596 
60535 
109688 
44153 
60544 
60546 
158851 
126086 
175241 
126090 
224395 
27789 
126099 
60563 
175252 
191640 
93342 
93345 
60588 
175279 
175287 
60600 
240827 
175293 
60606 
208062 
175302 
158919 
175304 
126153 
175306 
175308 
175311 
175313 
109779 
175315 
175317 
175320 
60635 
175324 
175326 
60639 
175328 
175335 
158953 
60650 
175338 
175340 
175344 
60657 
175352 
224504 
240890 
175354 
175356 
60670 
191743 
109831 
175371 
240909 
175374 
191758 
109839 
60687 
175377 
175379 
60693 
224533 
60694 
126230 
175383 
159005 
175389 
44324 
60711 
224553 
175402 
60716 
175405 
191792 
175414 
175415 
175416 
109883 
240961 
175425 
175427 
93507 
191815 
44360 
224585 
109898 
175436 
175438 
175439 
142671 
191827 
175443 
175447 
175451 
175455 
191852 
224620 
60781 
241006 
60783 
60792 
60793 
28028 
175490 
191875 
60805 
60809 
175498 
77195 
224652 
126350 
77202 
175509 
77205 
126370 
241061 
126382 
159152 
110004 
208309 
93629 
159173 
126421 
175580 
224735 
142819 
93668 
60904 
224746 
126445 
77294 
60911 
191985 
159218 
191988 
60922 
60924 
159229 
126462 
192006 
159241 
93717 
175644 
241183 
241193 
126516 
60984 
60988 
159296 
224833 
126533 
61001 
241230 
61011 
192090 
159328 
241250 
93798 
192104 
224876 
61041 
93810 
61044 
93814 
61048 
126592 
44675 
126596 
61062 
126609 
110230 
224921 
175773 
28319 
192162 
110246 
192167 
241331 
224957 
175809 
175833 
126690 
192236 
61165 
61173 
126709 
93945 
61178 
61182 
126721 
61186 
61200 
110353 
225042 
61202 
61209 
61210 
61212 
175901 
61214 
61215 
61216 
61220 
61221 
61223 
61231 
61234 
28472 
61242 
61247 
192321 
175937 
61250 
241478 
28488 
225097 
61267 
241492 
77662 
61278 
175968 
225121 
61281 
61288 
175976 
61290 
143210 
61292 
61296 
175992 
94072 
126842 
126847 
241536 
44930 
61319 
126859 
126878 
110497 
44962 
126883 
192419 
44966 
126898 
110516 
176055 
225212 
77763 
28616 
241608 
126922 
225237 
61399 
159706 
241630 
94174 
28640 
159721 
241642 
77809 
143347 
225270 
241661 
143368 
61452 
28685 
28691 
208919 
192537 
28705 
241702 
208936 
61480 
61495 
143418 
143422 
61506 
61508 
159817 
61516 
159822 
110672 
61523 
61530 
208987 
61536 
110690 
127076 
176231 
61547 
110701 
61551 
241775 
61560 
61577 
241801 
127117 
61584 
241810 
225442 
94371 
176291 
127140 
94374 
110760 
61608 
61612 
225454 
127159 
192696 
61624 
45250 
110803 
241876 
110807 
176345 
78045 
110837 
61688 
192761 
45308 
241920 
241925 
127241 
176408 
160024 
110892 
45371 
61756 
45384 
225610 
242002 
110931 
160087 
78169 
78172 
127378 
45463 
111001 
111005 
127390 
225695 
111012 
192938 
127406 
29107 
209334 
242103 
127417 
29113 
127423 
45511 
127436 
127452 
143838 
143841 
111084 
127470 
209402 
160254 
209409 
94727 
176650 
61967 
127504 
160274 
242195 
94752 
242210 
176674 
225828 
61990 
127540 
193077 
225846 
29239 
242238 
143934 
111168 
62017 
225869 
127566 
193116 
78451 
209525 
242298 
143999 
127619 
111237 
193157 
176773 
144016 
78480 
144019 
160403 
127638 
62105 
127642 
78495 
160429 
225965 
111284 
127669 
45756 
78524 
242366 
111295 
209607 
62156 
242391 
29402 
127710 
111328 
176866 
226019 
62184 
127724 
176879 
176882 
111360 
226050 
242437 
111368 
127755 
242448 
94992 
242450 
242456 
127773 
111390 
193314 
62244 
29480 
144175 
45873 
29490 
127795 
62260 
29498 
62267 
226107 
127804 
29501 
242493 
144189 
45885 
127807 
144192 
242498 
127814 
242503 
242505 
176969 
111433 
127818 
160589 
127821 
144218 
127835 
78683 
226146 
127848 
242538 
242546 
127862 
242555 
242557 
62334 
144255 
95111 
226184 
242569 
242577 
242588 
242589 
62366 
62373 
193447 
242608 
242610 
242612 
127926 
95161 
242622 
177090 
160707 
193489 
242649 
111579 
242652 
111583 
144351 
209890 
111587 
144356 
193523 
193533 
160768 
177158 
111622 
226310 
128007 
111629 
128015 
242719 
242722 
242737 
160828 
193601 
242762 
128078 
78929 
111697 
111701 
226396 
128092 
128097 
177250 
95333 
29798 
29825 
78983 
242837 
29845 
177310 
242847 
79013 
144551 
128168 
128175 
111792 
226489 
226502 
242892 
111822 
111829 
95446 
177367 
226522 
128225 
242917 
193768 
111849 
128234 
226539 
144625 
79110 
62729 
111885 
62733 
144656 
210192 
177424 
111889 
29969 
144659 
242969 
242971 
144669 
62749 
128287 
242978 
128294 
226599 
111911 
128306 
242998 
111926 
95545 
128317 
128331 
62797 
243024 
226641 
243029 
193878 
79196 
128348 
62813 
111967 
144737 
193889 
226663 
210283 
177516 
161145 
128380 
111998 
210306 
112002 
128390 
226696 
128394 
226700 
62860 
112014 
243090 
95635 
79256 
128412 
95647 
226728 
243120 
243123 
144826 
144830 
243138 
226756 
193997 
243149 
243154 
243158 
128471 
243160 
177624 
194017 
194022 
226797 
194029 
62959 
112114 
128507 
95755 
128539 
63003 
210461 
177693 
226846 
112158 
63022 
161328 
112177 
128572 
128590 
194126 
226895 
46673 
95831 
30295 
128604 
63069 
112224 
128614 
128617 
128618 
128643 
128646 
128648 
128654 
63121 
112277 
63137 
112290 
46757 
226983 
243375 
128687 
177840 
128689 
128690 
128693 
128695 
145079 
145082 
79547 
112319 
243393 
128707 
79556 
128712 
128718 
128720 
112338 
177876 
128725 
128726 
128734 
243422 
243424 
227042 
63208 
227052 
63216 
194290 
128754 
128757 
30455 
79610 
243450 
128764 
112380 
194307 
243466 
128785 
243476 
177941 
128796 
112418 
227108 
243503 
243516 
128829 
112448 
128836 
46916 
112462 
243540 
30558 
227170 
128874 
243567 
46959 
128884 
46965 
79734 
243576 
243579 
128896 
243587 
112521 
128914 
128924 
96157 
145310 
128926 
128927 
128928 
243618 
63395 
30630 
128938 
210862 
63407 
145329 
47026 
161715 
128948 
243642 
79808 
243648 
128960 
210881 
112578 
63427 
194499 
145351 
243655 
194506 
112588 
128974 
243662 
128979 
243668 
178143 
161765 
128999 
129000 
112618 
129013 
243701 
112639 
129026 
178181 
161798 
112654 
243734 
129047 
210974 
79913 
243753 
243756 
243758 
112690 
129078 
79930 
112700 
129088 
63554 
112709 
243781 
243783 
112712 
178248 
227401 
243786 
243789 
243791 
129111 
145496 
178266 
129115 
243809 
243811 
96357 
243814 
47208 
178280 
63594 
112756 
63605 
243831 
129146 
243836 
178300 
112764 
129149 
80001 
161923 
129157 
161926 
129159 
243847 
243850 
243852 
112781 
178319 
243858 
129172 
112795 
243867 
129181 
112802 
178342 
145574 
47279 
63665 
243889 
194741 
243897 
194746 
243900 
129215 
243903 
243905 
243907 
129220 
243911 
129232 
112849 
243922 
129239 
63703 
129241 
194781 
211168 
178400 
112873 
243950 
243952 
112884 
112886 
243961 
243963 
178427 
243967 
129281 
112898 
243972 
112905 
243981 
129296 
162065 
63763 
243995 
112924 
243998 
244004 
244007 
194861 
194865 
129341 
244031 
112964 
244038 
129352 
31059 
112980 
227674 
80220 
96612 
194919 
244077 
162164 
80245 
129400 
244088 
47485 
113022 
194945 
63879 
244107 
244109 
63887 
129426 
129429 
129431 
63895 
129432 
244120 
178584 
244121 
129434 
194971 
129435 
244123 
129436 
113053 
244125 
31133 
244126 
129438 
129439 
244127 
178595 
129443 
244137 
129449 
63915 
244141 
129461 
244154 
129471 
244162 
63939 
244164 
244167 
129482 
129487 
244175 
129490 
63955 
244182 
63959 
113112 
129498 
244193 
113124 
244197 
129514 
113131 
129517 
113134 
129520 
211441 
178675 
244212 
63989 
244213 
129526 
178679 
47610 
113148 
195085 
129552 
244241 
244243 
244245 
129557 
244246 
129563 
113188 
129573 
195118 
129583 
244273 
244279 
129594 
129595 
195144 
211535 
129617 
113236 
244310 
129625 
113243 
31331 
178790 
96874 
113262 
96884 
244345 
47740 
244348 
31357 
113277 
113280 
178817 
244355 
64133 
162438 
195209 
178825 
227980 
113293 
244366 
244369 
146065 
195218 
146071 
113307 
64157 
211614 
178849 
64161 
244387 
178853 
64165 
178857 
178864 
244409 
80574 
244414 
64191 
129731 
228039 
244425 
80590 
178895 
113359 
195282 
64211 
195295 
31471 
47857 
113397 
113401 
80635 
178941 
244480 
178945 
64257 
211721 
113420 
80654 
80657 
129811 
195348 
178966 
228121 
113437 
113441 
244515 
97060 
146221 
162620 
113471 
195396 
64335 
244563 
15190 
195415 
129882 
113500 
129885 
64350 
195424 
195429 
15210 
129898 
162669 
15214 
211824 
129905 
80753 
146290 
129907 
15221 
129909 
244600 
15225 
129913 
211836 
129918 
129920 
244610 
80771 
129928 
129932 
80785 
195473 
113553 
129940 
195481 
97177 
211866 
179104 
129954 
146340 
113575 
179111 
129962 
129968 
129970 
64438 
244664 
244666 
64442 
244668 
129985 
162755 
129988 
179142 
244678 
97224 
64461 
211924 
130011 
244702 
31713 
179172 
130021 
130023 
244712 
195561 
80875 
130029 
64498 
130034 
130041 
195579 
31740 
130046 
228352 
244738 
244739 
64518 
130058 
130061 
130066 
64530 
244756 
195605 
179226 
113694 
244775 
31793 
130098 
130099 
15413 
130101 
212023 
179256 
130105 
80953 
195644 
113729 
179276 
130130 
244818 
80981 
244822 
130136 
179288 
244824 
130138 
179292 
113758 
130142 
244833 
130146 
146532 
130150 
130154 
64624 
195697 
244857 
130174 
228478 
130178 
244867 
130182 
130194 
81042 
244891 
113821 
244894 
81055 
48290 
81060 
130214 
64680 
244908 
130222 
81073 
64702 
195774 
212161 
244940 
244942 
130258 
179413 
81109 
195803 
64733 
244960 
48362 
81144 
228601 
81160 
15628 
97560 
48432 
113983 
146755 
195911 
81246 
15712 
114018 
48484 
195943 
32104 
32106 
114027 
114045 
64896 
195972 
195977 
195984 
64929 
114094 
64943 
196020 
81332 
114101 
196029 
196034 
81348 
196047 
81366 
196058 
15842 
114146 
81381 
228837 
228841 
32233 
196095 
130561 
146946 
65027 
114183 
146951 
65033 
130572 
32272 
179736 
196128 
65061 
81449 
81452 
196156 
97853 
32319 
97864 
48714 
196177 
212574 
212577 
196199 
81523 
65153 
81549 
48794 
212637 
32416 
163503 
196278 
81594 
212666 
163515 
65214 
16066 
16078 
32465 
196317 
130784 
196325 
16102 
32488 
16105 
196331 
32492 
147199 
147203 
179971 
98065 
196376 
65305 
196404 
147258 
65349 
196423 
65352 
48975 
16213 
163682 
16233 
81771 
65387 
81773 
49009 
65398 
196473 
81797 
65416 
163729 
163737 
163740 
16289 
180130 
81830 
98214 
180141 
49075 
114612 
196541 
81863 
65482 
212939 
180171 
81869 
196566 
212960 
147426 
81895 
196584 
196587 
163820 
114669 
81902 
98288 
212981 
81912 
212984 
32766 
)

// ************************************************************************* //
