/*--------------------------------*- C++ -*----------------------------------*\
  =========                 |
  \\      /  F ield         | OpenFOAM: The Open Source CFD Toolbox
   \\    /   O peration     | Website:  https://openfoam.org
    \\  /    A nd           | Version:  13
     \\/     M anipulation  |
\*---------------------------------------------------------------------------*/
FoamFile
{
    format      ascii;
    class       labelList;
    location    "constant/solid_shell/polyMesh";
    object      faceRegionAddressing;
}
// * * * * * * * * * * * * * * * * * * * * * * * * * * * * * * * * * * * * * //


17649
(
1
2
3
5
6
7
8
9
10
11
12
13
14
15
16
17
18
19
20
21
22
23
24
25
26
27
28
29
30
31
32
33
34
35
36
37
38
39
40
41
42
43
44
45
47
48
49
50
51
52
53
54
55
56
57
58
59
60
61
62
63
64
65
66
67
68
69
70
71
72
73
74
76
77
78
80
81
82
83
84
85
86
87
88
89
90
91
92
93
94
95
96
97
98
99
100
101
102
103
104
105
106
108
109
110
111
112
113
114
115
116
117
118
120
121
122
123
124
126
127
128
129
130
131
132
133
134
135
136
137
138
139
140
141
142
143
144
145
146
147
148
149
150
151
152
153
154
155
156
157
158
159
160
161
162
163
164
165
166
167
168
169
170
171
172
173
174
175
176
177
178
179
180
181
182
183
184
185
186
187
188
189
190
191
193
194
195
196
197
198
199
200
201
202
203
205
206
207
208
209
210
211
212
213
214
215
216
217
218
220
221
222
223
224
225
226
227
229
230
231
232
233
234
235
236
237
238
239
240
241
242
243
244
245
246
247
248
249
250
252
253
254
255
256
257
259
260
261
262
263
264
265
266
267
268
269
270
271
272
273
275
276
278
279
280
281
282
283
284
286
287
288
290
291
292
293
294
295
296
298
299
300
302
303
304
305
306
307
308
309
310
311
312
313
314
315
316
317
318
319
320
321
322
323
324
325
326
327
328
329
330
332
333
334
335
337
338
339
340
341
342
344
345
346
347
348
349
350
351
352
353
354
355
356
357
358
359
360
361
362
363
364
365
366
367
369
370
371
373
374
375
376
377
378
379
380
381
383
384
385
386
387
388
390
391
392
394
395
397
398
399
401
402
403
404
405
406
407
409
410
411
412
413
414
415
416
417
418
419
420
421
422
423
424
425
426
428
429
430
431
432
433
434
435
436
437
438
439
440
441
442
443
444
445
446
447
448
449
450
451
452
453
454
455
456
457
458
459
460
461
462
464
465
466
467
468
469
470
471
472
473
474
475
476
477
478
479
481
482
483
485
486
488
489
490
492
493
494
495
496
498
499
500
501
502
503
504
505
506
507
509
510
511
512
513
514
515
516
517
518
519
520
521
522
523
524
525
526
527
528
530
531
532
533
534
535
536
537
538
540
541
542
544
545
546
547
548
549
550
551
552
553
554
555
556
557
558
559
560
561
562
563
564
565
566
567
568
569
570
571
572
573
574
575
576
577
578
580
581
582
583
585
586
587
588
589
591
592
593
594
595
596
597
598
599
600
602
603
604
605
606
607
608
609
611
612
614
615
616
618
619
620
621
622
624
625
626
628
629
630
632
633
634
635
636
637
638
639
640
642
643
644
645
646
647
648
649
650
651
652
653
654
655
656
657
658
659
660
661
662
663
664
665
666
667
668
670
671
672
673
674
675
676
677
679
680
681
683
684
685
686
687
688
689
690
691
692
693
694
695
696
697
699
700
701
703
704
705
707
708
709
711
712
713
714
715
716
718
719
720
721
722
723
725
726
727
728
729
731
732
733
735
736
737
738
739
740
742
743
744
746
747
748
749
750
751
752
753
754
755
756
757
758
759
760
761
762
763
764
766
767
768
770
771
772
774
775
776
778
779
780
782
783
784
785
786
787
788
789
790
791
792
793
794
795
796
797
798
799
800
801
802
803
804
805
806
807
808
809
810
812
814
815
816
817
819
820
821
822
823
824
826
827
828
830
831
833
834
835
836
837
838
839
840
841
842
843
844
845
846
847
848
849
850
851
852
853
854
855
856
857
858
859
860
862
863
864
865
866
867
869
870
871
872
873
875
876
877
879
880
881
882
883
884
885
886
887
889
890
891
893
894
895
897
898
899
901
902
903
904
905
906
907
908
909
910
911
912
913
915
916
917
918
919
920
921
922
923
924
925
926
927
929
931
932
933
934
935
936
937
938
939
940
941
943
944
945
946
947
948
949
950
951
952
953
954
956
957
958
959
960
961
963
964
965
967
968
970
971
972
974
975
977
978
979
980
981
982
984
985
986
987
988
989
990
991
992
994
995
996
997
998
999
1001
1002
1004
1005
1006
1007
1009
1010
1011
1013
1014
1015
1017
1018
1020
1021
1022
1024
1025
1026
1027
1028
1029
1030
1031
1032
1033
1034
1035
1037
1038
1039
1041
1042
1043
1044
1045
1046
1047
1048
1050
1051
1052
1054
1055
1056
1058
1059
1060
1061
1062
1063
1064
1065
1066
1067
1068
1069
1070
1071
1072
1073
1074
1075
1076
1077
1078
1079
1080
1081
1082
1083
1084
1085
1086
1087
1088
1089
1090
1091
1092
1093
1094
1095
1096
1097
1099
1100
1101
1102
1103
1104
1105
1107
1108
1109
1111
1112
1113
1114
1115
1116
1117
1118
1120
1121
1122
1123
1124
1125
1126
1128
1129
1130
1132
1133
1134
1135
1136
1137
1138
1139
1140
1142
1143
1145
1146
1147
1148
1149
1150
1151
1152
1154
1155
1156
1157
1158
1160
1161
1163
1164
1165
1167
1168
1169
1170
1171
1172
1173
1174
1175
1176
1177
1178
1179
1180
1181
1182
1183
1184
1185
1186
1187
1188
1189
1191
1192
1193
1194
1195
1196
1198
1199
1201
1202
1204
1205
1206
1207
1208
1209
1211
1212
1213
1214
1215
1216
1217
1218
1219
1220
1221
1222
1223
1224
1225
1226
1227
1228
1229
1230
1232
1233
1234
1235
1236
1237
1238
1239
1240
1241
1242
1243
1244
1245
1246
1247
1249
1250
1251
1252
1253
1254
1255
1256
1257
1258
1259
1260
1261
1262
1264
1265
1266
1267
1268
1269
1270
1271
1272
1274
1275
1276
1277
1278
1279
1281
1282
1283
1285
1286
1287
1289
1290
1291
1293
1294
1295
1296
1297
1298
1299
1300
1301
1303
1304
1305
1306
1307
1308
1309
1310
1311
1312
1313
1314
1315
1316
1317
1318
1319
1320
1321
1322
1323
1325
1326
1327
1329
1330
1331
1332
1333
1334
1335
1336
1337
1338
1340
1341
1343
1344
1345
1346
1347
1348
1350
1351
1352
1354
1355
1356
1358
1359
1360
1362
1363
1365
1366
1368
1369
1370
1372
1373
1374
1375
1376
1378
1379
1380
1382
1384
1385
1386
1388
1389
1390
1391
1392
1394
1395
1397
1399
1400
1402
1403
1404
1405
1406
1407
1408
1409
1410
1411
1412
1414
1415
1416
1417
1418
1420
1421
1423
1424
1425
1426
1427
1429
1430
1431
1432
1433
1434
1435
1436
1437
1438
1439
1441
1442
1443
1444
1445
1446
1448
1449
1450
1451
1452
1453
1454
1455
1456
1457
1458
1459
1460
1461
1462
1463
1464
1465
1466
1467
1468
1469
1470
1471
1472
1473
1474
1475
1476
1477
1478
1479
1480
1481
1483
1484
1485
1486
1487
1488
1489
1491
1492
1494
1495
1496
1497
1498
1499
1500
1501
1502
1503
1504
1505
1506
1507
1509
1510
1512
1513
1514
1515
1516
1517
1518
1519
1520
1521
1523
1524
1525
1526
1527
1528
1529
1530
1531
1532
1533
1534
1535
1536
1537
1538
1539
1541
1542
1543
1545
1546
1547
1548
1549
1550
1551
1552
1553
1554
1555
1556
1557
1558
1559
1560
1561
1562
1563
1564
1565
1566
1568
1569
1570
1571
1573
1575
1576
1577
1578
1579
1580
1582
1583
1584
1585
1586
1587
1589
1590
1591
1593
1594
1596
1597
1598
1600
1601
1602
1603
1604
1605
1606
1607
1608
1610
1611
1612
1614
1615
1617
1618
1619
1620
1621
1622
1623
1624
1625
1627
1628
1629
1630
1631
1632
1633
1634
1635
1636
1637
1638
1639
1640
1641
1643
1644
1645
1646
1647
1648
1650
1651
1652
1653
1654
1655
1657
1658
1659
1661
1662
1663
1665
1666
1667
1669
1670
1671
1673
1674
1675
1676
1677
1678
1679
1681
1682
1683
1684
1685
1686
1687
1688
1690
1691
1692
1694
1695
1696
1697
1698
1699
1700
1701
1702
1703
1704
1705
1707
1708
1709
1710
1711
1713
1714
1715
1717
1718
1719
1721
1722
1723
1724
1725
1727
1728
1729
1730
1731
1732
1733
1735
1736
1737
1739
1740
1741
1742
1743
1745
1746
1747
1749
1750
1751
1752
1753
1754
1755
1756
1757
1758
1759
1760
1761
1762
1763
1765
1766
1767
1768
1769
1770
1771
1772
1773
1775
1776
1777
1779
1780
1781
1783
1784
1785
1786
1787
1788
1789
1790
1791
1792
1793
1794
1796
1797
1798
1799
1800
1802
1803
1804
1805
1806
1807
1808
1809
1810
1811
1812
1814
1815
1816
1817
1818
1819
1820
1821
1822
1824
1825
1826
1827
1828
1829
1831
1832
1833
1835
1836
1837
1838
1839
1840
1842
1844
1845
1846
1848
1849
1850
1852
1853
1854
1856
1857
1858
1860
1861
1862
1864
1865
1866
1867
1868
1869
1870
1871
1872
1873
1874
1875
1877
1878
1879
1880
1881
1883
1884
1885
1886
1887
1888
1889
1890
1892
1893
1895
1896
1897
1898
1899
1900
1901
1902
1904
1905
1907
1908
1909
1910
1911
1912
1913
1914
1915
1916
1917
1918
1920
1921
1922
1923
1924
1925
1926
1927
1929
1930
1932
1933
1935
1936
1938
1939
1940
1941
1943
1944
1945
1946
1948
1949
1950
1951
1952
1954
1955
1956
1957
1958
1959
1960
1961
1962
1963
1964
1965
1966
1967
1968
1969
1970
1971
1972
1973
1975
1976
1977
1978
1979
1980
1981
1982
1983
1984
1985
1986
1987
1988
1989
1990
1991
1992
1993
1994
1995
1996
1997
1998
1999
2001
2002
2003
2004
2005
2006
2008
2009
2010
2011
2012
2013
2014
2015
2016
2017
2019
2020
2021
2022
2023
2024
2025
2026
2028
2029
2030
2031
2032
2033
2034
2035
2036
2037
2038
2039
2041
2042
2044
2045
2046
2047
2048
2050
2051
2052
2053
2054
2055
2056
2057
2059
2060
2061
2063
2064
2065
2066
2067
2068
2069
2070
2071
2072
2073
2074
2076
2077
2079
2080
2081
2082
2083
2084
2085
2086
2087
2088
2089
2090
2091
2092
2093
2094
2095
2096
2097
2099
2100
2101
2102
2103
2105
2106
2107
2109
2110
2111
2113
2114
2116
2117
2118
2119
2120
2121
2122
2123
2124
2125
2126
2127
2128
2130
2131
2132
2134
2135
2136
2137
2138
2139
2140
2141
2142
2143
2144
2145
2146
2147
2148
2149
2151
2152
2153
2154
2155
2156
2157
2158
2159
2160
2161
2162
2163
2164
2165
2166
2167
2168
2169
2170
2171
2172
2173
2175
2176
2177
2178
2179
2180
2181
2182
2183
2184
2185
2186
2187
2188
2190
2192
2193
2194
2196
2197
2198
2199
2200
2202
2203
2204
2205
2206
2207
2208
2209
2210
2211
2212
2214
2215
2216
2218
2219
2220
2221
2222
2224
2225
2227
2228
2229
2230
2231
2232
2234
2235
2236
2237
2238
2239
2241
2242
2244
2245
2246
2247
2248
2249
2250
2251
2252
2253
2254
2255
2256
2257
2258
2259
2260
2262
2263
2264
2265
2266
2267
2268
2269
2271
2272
2273
2274
2275
2276
2277
2278
2279
2280
2282
2283
2284
2285
2286
2288
2289
2290
2292
2293
2295
2296
2297
2299
2300
2301
2303
2304
2305
2307
2308
2310
2311
2312
2313
2314
2315
2317
2318
2319
2320
2321
2322
2323
2324
2325
2326
2327
2329
2330
2331
2333
2334
2335
2336
2337
2338
2339
2340
2341
2343
2344
2346
2347
2348
2349
2350
2351
2352
2353
2354
2355
2357
2358
2359
2361
2362
2363
2364
2365
2366
2367
2368
2369
2371
2372
2374
2376
2378
2379
2380
2381
2382
2384
2385
2386
2387
2388
2389
2390
2391
2392
2393
2394
2395
2396
2397
2398
2399
2400
2401
2402
2403
2404
2405
2407
2408
2410
2411
2412
2413
2414
2415
2417
2418
2419
2420
2421
2422
2423
2424
2425
2427
2428
2429
2430
2431
2432
2433
2434
2435
2436
2437
2438
2439
2440
2441
2442
2443
2445
2446
2447
2448
2449
2451
2452
2454
2455
2456
2457
2458
2459
2460
2462
2463
2464
2465
2466
2467
2468
2469
2470
2471
2472
2473
2474
2475
2476
2477
2478
2479
2481
2482
2484
2485
2486
2487
2488
2489
2490
2491
2492
2493
2495
2496
2497
2498
2499
2500
2501
2502
2503
2504
2506
2507
2508
2510
2511
2512
2513
2514
2516
2517
2518
2519
2520
2521
2523
2524
2525
2526
2527
2528
2529
2530
2531
2532
2533
2534
2535
2536
2537
2538
2539
2540
2542
2543
2544
2545
2546
2547
2548
2549
2550
2551
2552
2553
2554
2555
2556
2557
2558
2559
2560
2561
2562
2563
2564
2565
2566
2568
2569
2570
2571
2572
2573
2574
2575
2576
2577
2579
2580
2581
2582
2583
2584
2586
2587
2588
2589
2591
2592
2594
2595
2597
2598
2599
2601
2602
2603
2605
2606
2607
2609
2610
2611
2612
2613
2614
2615
2616
2617
2618
2619
2620
2621
2622
2624
2625
2626
2627
2628
2629
2630
2631
2632
2633
2634
2635
2636
2637
2639
2640
2642
2643
2644
2645
2646
2647
2648
2649
2650
2651
2652
2653
2654
2655
2656
2657
2658
2659
2660
2661
2662
2663
2664
2666
2667
2668
2669
2670
2671
2672
2673
2674
2676
2677
2678
2679
2680
2681
2682
2683
2684
2685
2686
2687
2688
2689
2690
2691
2693
2694
2696
2697
2698
2699
2701
2702
2703
2705
2706
2707
2708
2709
2710
2711
2712
2713
2714
2715
2716
2717
2718
2719
2720
2721
2722
2723
2724
2725
2726
2727
2728
2729
2730
2731
2733
2734
2735
2736
2737
2739
2740
2741
2742
2743
2744
2745
2746
2747
2748
2749
2750
2751
2752
2753
2754
2755
2756
2757
2758
2759
2760
2761
2762
2763
2764
2765
2766
2767
2768
2769
2770
2771
2772
2773
2774
2775
2776
2777
2778
2779
2781
2782
2783
2784
2785
2786
2787
2789
2790
2791
2792
2793
2795
2796
2797
2798
2799
2801
2802
2804
2805
2806
2807
2808
2809
2810
2811
2812
2813
2815
2817
2818
2819
2820
2821
2822
2823
2824
2826
2827
2828
2829
2830
2831
2832
2833
2835
2836
2837
2838
2839
2840
2841
2842
2843
2844
2845
2846
2848
2849
2850
2851
2853
2854
2855
2856
2857
2858
2859
2861
2862
2864
2866
2867
2868
2870
2871
2872
2873
2874
2875
2876
2877
2878
2879
2880
2882
2883
2884
2885
2886
2887
2888
2889
2890
2891
2892
2893
2894
2895
2897
2898
2899
2900
2901
2902
2904
2905
2906
2907
2908
2909
2910
2911
2912
2913
2914
2915
2916
2917
2918
2919
2920
2921
2923
2924
2925
2926
2927
2929
2930
2931
2932
2933
2934
2935
2936
2937
2938
2939
2940
2941
2942
2943
2944
2945
2946
2947
2948
2949
2950
2951
2953
2954
2955
2956
2957
2958
2959
2961
2962
2964
2966
2967
2968
2969
2970
2971
2972
2973
2974
2975
2976
2977
2978
2979
2980
2981
2982
2984
2985
2986
2987
2988
2989
2990
2991
2992
2993
2994
2995
2996
2997
2998
2999
3000
3001
3002
3003
3004
3005
3006
3007
3008
3009
3011
3012
3013
3014
3015
3016
3017
3018
3019
3020
3021
3022
3023
3024
3025
3026
3027
3028
3029
3030
3031
3032
3033
3034
3035
3036
3037
3038
3039
3040
3042
3043
3044
3045
3046
3047
3048
3049
3050
3051
3052
3053
3055
3056
3057
3058
3060
3061
3062
3063
3064
3065
3066
3067
3069
3070
3071
3073
3074
3075
3076
3077
3078
3079
3080
3081
3083
3084
3085
3086
3087
3088
3089
3090
3091
3092
3093
3094
3095
3096
3097
3098
3100
3101
3102
3103
3104
3105
3106
3107
3108
3109
3110
3111
3112
3113
3114
3115
3116
3117
3118
3119
3121
3122
3123
3124
3125
3126
3127
3128
3129
3130
3131
3132
3133
3134
3135
3136
3137
3138
3139
3140
3141
3142
3143
3144
3145
3146
3147
3148
3149
3151
3152
3153
3154
3155
3156
3157
3158
3159
3160
3161
3163
3164
3166
3167
3169
3170
3171
3172
3173
3174
3175
3177
3178
3179
3180
3181
3183
3184
3186
3187
3188
3189
3190
3191
3192
3193
3194
3195
3196
3197
3199
3200
3202
3203
3204
3205
3206
3207
3209
3210
3211
3213
3214
3215
3216
3217
3219
3220
3221
3222
3223
3224
3225
3226
3227
3228
3229
3230
3231
3232
3233
3234
3236
3237
3238
3240
3241
3242
3243
3244
3245
3246
3247
3248
3249
3250
3251
3253
3254
3255
3256
3257
3259
3260
3261
3262
3263
3264
3265
3266
3267
3268
3269
3270
3272
3273
3274
3275
3276
3277
3279
3280
3281
3282
3283
3284
3285
3286
3287
3288
3289
3290
3292
3293
3294
3296
3297
3298
3299
3301
3302
3303
3305
3306
3307
3309
3310
3311
3312
3313
3314
3316
3317
3318
3319
3320
3321
3322
3323
3324
3326
3328
3330
3331
3333
3334
3336
3337
3339
3340
3341
3342
3343
3344
3345
3346
3347
3348
3349
3350
3351
3352
3353
3354
3355
3356
3357
3358
3359
3360
3361
3363
3364
3365
3366
3367
3368
3369
3370
3371
3372
3373
3374
3375
3376
3377
3378
3379
3381
3382
3383
3385
3386
3387
3389
3390
3391
3392
3393
3394
3395
3396
3397
3398
3399
3400
3401
3402
3404
3405
3406
3408
3409
3411
3412
3413
3414
3415
3416
3418
3419
3420
3422
3423
3424
3425
3426
3427
3428
3429
3430
3432
3433
3434
3435
3437
3438
3439
3440
3441
3442
3443
3444
3446
3447
3448
3449
3450
3451
3452
3453
3454
3455
3456
3457
3458
3459
3460
3461
3462
3463
3464
3465
3466
3467
3468
3469
3470
3471
3472
3473
3475
3476
3478
3479
3480
3481
3483
3484
3486
3488
3489
3490
3491
3492
3494
3495
3496
3497
3498
3499
3500
3501
3503
3504
3505
3506
3507
3508
3509
3510
3511
3513
3514
3515
3516
3518
3519
3520
3521
3522
3523
3524
3525
3526
3527
3528
3529
3530
3531
3532
3533
3534
3535
3536
3537
3538
3539
3540
3541
3542
3543
3544
3546
3547
3548
3549
3551
3552
3553
3554
3556
3557
3558
3559
3561
3562
3563
3564
3565
3566
3567
3568
3569
3570
3572
3573
3574
3575
3576
3577
3578
3579
3580
3581
3582
3583
3584
3585
3586
3587
3588
3589
3590
3591
3592
3593
3594
3595
3596
3597
3598
3599
3600
3601
3602
3603
3604
3605
3606
3607
3608
3609
3610
3611
3612
3613
3614
3616
3617
3618
3620
3621
3622
3623
3624
3625
3626
3627
3628
3629
3631
3632
3633
3635
3636
3638
3639
3641
3642
3643
3644
3645
3646
3648
3649
3650
3651
3652
3653
3654
3655
3657
3658
3659
3660
3661
3662
3663
3664
3665
3666
3667
3668
3669
3670
3671
3672
3673
3674
3675
3676
3677
3678
3679
3680
3681
3682
3683
3684
3685
3686
3687
3688
3689
3690
3691
3692
3693
3694
3696
3697
3698
3699
3700
3701
3702
3703
3704
3705
3706
3707
3708
3710
3711
3712
3713
3714
3715
3717
3718
3720
3721
3722
3724
3725
3726
3727
3728
3730
3731
3732
3734
3735
3736
3737
3738
3739
3740
3741
3742
3743
3745
3746
3747
3748
3750
3751
3752
3753
3754
3755
3756
3757
3758
3759
3761
3762
3763
3764
3765
3766
3767
3768
3769
3770
3771
3772
3774
3775
3776
3777
3778
3779
3780
3781
3782
3783
3784
3785
3786
3788
3789
3790
3791
3792
3793
3795
3796
3797
3798
3800
3801
3802
3803
3804
3805
3806
3807
3808
3809
3810
3811
3812
3813
3814
3815
3816
3817
3819
3820
3821
3822
3823
3824
3825
3826
3827
3828
3830
3831
3833
3834
3835
3837
3838
3839
3840
3841
3842
3843
3844
3845
3846
3847
3848
3849
3850
3851
3852
3853
3854
3856
3857
3858
3859
3860
3861
3862
3863
3864
3865
3866
3868
3869
3870
3871
3872
3873
3874
3875
3876
3878
3879
3880
3881
3883
3884
3885
3886
3887
3888
3889
3891
3892
3893
3894
3895
3896
3897
3898
3900
3901
3902
3903
3904
3905
3906
3907
3908
3909
3910
3911
3912
3913
3914
3915
3916
3917
3919
3920
3922
3923
3925
3926
3928
3929
3930
3931
3932
3933
3934
3935
3936
3937
3938
3939
3940
3941
3942
3943
3944
3945
3946
3947
3948
3950
3951
3952
3953
3954
3955
3956
3957
3958
3959
3960
3961
3962
3963
3964
3965
3966
3967
3968
3969
3970
3971
3972
3973
3974
3975
3976
3978
3979
3980
3981
3982
3983
3985
3986
3987
3989
3990
3991
3992
3993
3994
3995
3996
3997
3998
3999
4000
4001
4002
4003
4004
4006
4007
4008
4010
4011
4012
4013
4014
4015
4016
4017
4018
4019
4020
4022
4023
4024
4025
4026
4027
4028
4029
4030
4032
4033
4034
4036
4037
4038
4039
4040
4041
4042
4043
4044
4045
4046
4047
4048
4049
4050
4051
4052
4053
4055
4056
4057
4058
4059
4062
4063
4065
4066
4067
4068
4070
4071
4072
4073
4074
4075
4076
4078
4079
4081
4082
4084
4085
4086
4087
4088
4089
4090
4091
4092
4093
4094
4095
4096
4097
4098
4099
4101
4103
4104
4105
4106
4108
4109
4110
4112
4113
4114
4115
4116
4117
4118
4119
4120
4121
4122
4123
4124
4125
4126
4127
4128
4130
4131
4132
4134
4135
4136
4137
4138
4139
4140
4141
4142
4143
4144
4145
4146
4147
4148
4149
4151
4152
4153
4154
4155
4156
4157
4158
4159
4161
4162
4163
4164
4165
4166
4167
4168
4169
4170
4171
4173
4174
4175
4176
4177
4178
4179
4181
4182
4183
4184
4185
4186
4187
4189
4190
4191
4192
4193
4194
4196
4197
4198
4199
4200
4201
4202
4203
4204
4205
4207
4209
4210
4211
4212
4213
4214
4215
4216
4217
4218
4219
4220
4222
4223
4224
4225
4226
4227
4228
4229
4230
4231
4232
4234
4235
4236
4237
4238
4239
4240
4241
4242
4243
4244
4245
4246
4247
4248
4249
4250
4251
4252
4253
4254
4255
4256
4257
4258
4259
4260
4261
4262
4263
4264
4265
4267
4268
4270
4271
4272
4273
4274
4276
4277
4278
4279
4280
4282
4283
4284
4285
4287
4288
4289
4290
4291
4293
4294
4295
4296
4298
4299
4300
4301
4302
4303
4304
4305
4306
4308
4309
4310
4311
4312
4313
4314
4315
4317
4318
4319
4320
4321
4322
4323
4324
4325
4326
4327
4328
4329
4331
4332
4333
4334
4335
4337
4338
4339
4340
4341
4342
4343
4344
4345
4346
4348
4349
4351
4352
4353
4354
4355
4356
4357
4358
4359
4361
4362
4363
4364
4366
4367
4368
4369
4371
4372
4373
4374
4375
4376
4377
4378
4379
4380
4381
4382
4383
4384
4385
4386
4387
4388
4389
4390
4391
4392
4393
4394
4395
4396
4398
4399
4400
4401
4402
4403
4404
4405
4406
4407
4408
4409
4410
4411
4412
4413
4414
4416
4417
4418
4420
4421
4423
4424
4425
4426
4427
4428
4429
4430
4431
4432
4433
4434
4435
4436
4437
4438
4439
4440
4441
4442
4443
4444
4445
4446
4447
4448
4449
4450
4451
4452
4453
4454
4455
4456
4457
4458
4459
4460
4461
4462
4463
4464
4465
4466
4467
4468
4469
4470
4471
4472
4473
4474
4475
4476
4477
4478
4479
4480
4481
4482
4483
4484
4485
4486
4487
4488
4489
4490
4491
4492
4493
4494
4495
4496
4497
4499
4500
4501
4503
4504
4505
4506
4507
4508
4509
4510
4511
4512
4513
4514
4515
4516
4517
4518
4519
4521
4522
4523
4524
4525
4526
4528
4529
4530
4531
4532
4533
4534
4535
4536
4537
4538
4539
4540
4542
4543
4544
4545
4546
4547
4548
4549
4550
4551
4552
4553
4554
4555
4556
4558
4560
4561
4562
4563
4564
4565
4566
4567
4568
4569
4570
4571
4572
4573
4574
4575
4576
4577
4578
4579
4580
4581
4582
4583
4584
4586
4587
4588
4589
4590
4591
4592
4593
4594
4595
4596
4597
4598
4599
4600
4601
4602
4603
4604
4605
4607
4608
4609
4610
4611
4612
4613
4614
4615
4616
4617
4618
4619
4620
4622
4623
4625
4626
4627
4628
4629
4631
4632
4634
4635
4636
4637
4638
4639
4640
4641
4642
4644
4645
4647
4648
4649
4650
4651
4652
4653
4654
4655
4656
4657
4658
4659
4661
4662
4663
4664
4665
4666
4667
4668
4669
4670
4671
4672
4674
4675
4676
4677
4678
4679
4680
4682
4683
4684
4686
4687
4688
4689
4691
4692
4693
4694
4695
4696
4697
4698
4699
4700
4701
4702
4703
4704
4705
4706
4707
4708
4709
4710
4711
4712
4713
4714
4715
4716
4717
4718
4719
4720
4721
4722
4723
4725
4726
4727
4728
4729
4730
4732
4733
4735
4736
4737
4738
4739
4740
4741
4743
4744
4745
4746
4747
4748
4749
4750
4751
4752
4753
4754
4755
4756
4757
4758
4759
4761
4762
4763
4765
4766
4767
4769
4770
4771
4772
4773
4774
4775
4776
4777
4778
4779
4780
4781
4782
4783
4784
4785
4787
4788
4789
4790
4791
4792
4793
4794
4795
4796
4797
4800
4801
4803
4804
4805
4806
4807
4808
4809
4810
4811
4812
4813
4814
4815
4816
4817
4818
4819
4820
4821
4822
4823
4824
4825
4826
4827
4828
4829
4830
4831
4832
4833
4834
4835
4836
4837
4838
4839
4840
4841
4842
4843
4844
4845
4846
4847
4848
4849
4851
4852
4853
4854
4855
4856
4857
4858
4859
4860
4861
4862
4863
4864
4865
4866
4867
4868
4869
4870
4871
4872
4873
4874
4875
4876
4877
4878
4879
4880
4881
4882
4883
4884
4885
4887
4888
4889
4890
4891
4892
4893
4894
4895
4896
4897
4898
4899
4900
4901
4902
4903
4904
4905
4906
4907
4908
4909
4910
4911
4912
4913
4914
4915
4916
4918
4919
4920
4921
4922
4923
4924
4925
4926
4928
4929
4930
4931
4932
4933
4934
4935
4936
4937
4938
4939
4942
4943
4944
4946
4947
4948
4949
4950
4951
4952
4954
4955
4956
4957
4958
4959
4960
4961
4962
4963
4964
4965
4966
4967
4968
4969
4970
4971
4973
4974
4975
4976
4977
4978
4979
4980
4981
4982
4983
4985
4986
4988
4989
4990
4991
4992
4993
4994
4995
4996
4997
4998
4999
5000
5001
5002
5003
5005
5006
5008
5009
5010
5011
5012
5013
5014
5015
5016
5017
5018
5019
5020
5021
5022
5023
5024
5025
5026
5027
5028
5030
5031
5032
5034
5035
5036
5037
5039
5040
5041
5042
5043
5044
5045
5046
5047
5048
5049
5050
5051
5052
5053
5054
5055
5056
5057
5058
5059
5060
5062
5063
5065
5066
5067
5068
5069
5071
5072
5073
5074
5075
5076
5077
5078
5079
5081
5082
5083
5084
5085
5086
5087
5088
5089
5090
5091
5093
5094
5095
5096
5097
5098
5099
5101
5102
5103
5104
5105
5106
5107
5109
5110
5111
5112
5113
5114
5115
5116
5117
5119
5120
5121
5123
5124
5125
5126
5127
5128
5130
5131
5132
5133
5134
5136
5137
5138
5140
5141
5142
5143
5144
5145
5146
5147
5148
5150
5151
5152
5153
5154
5155
5156
5158
5159
5160
5161
5162
5163
5164
5166
5167
5168
5169
5170
5171
5172
5174
5175
5176
5177
5178
5180
5181
5182
5183
5184
5185
5186
5187
5188
5189
5190
5191
5192
5193
5194
5195
5196
5197
5198
5199
5200
5201
5203
5204
5206
5207
5208
5209
5210
5211
5212
5213
5214
5215
5216
5217
5218
5219
5221
5222
5223
5224
5225
5226
5227
5228
5229
5230
5231
5232
5233
5234
5235
5236
5237
5238
5239
5240
5241
5242
5243
5244
5245
5247
5248
5249
5250
5251
5252
5253
5254
5255
5256
5257
5258
5259
5260
5261
5263
5264
5265
5266
5267
5268
5269
5270
5271
5272
5273
5274
5275
5276
5277
5278
5279
5280
5281
5282
5283
5284
5285
5288
5289
5291
5292
5293
5294
5295
5296
5297
5298
5299
5301
5302
5303
5304
5305
5306
5307
5308
5309
5310
5311
5312
5314
5316
5317
5318
5319
5321
5322
5323
5324
5325
5326
5328
5329
5330
5332
5333
5334
5335
5336
5337
5338
5339
5340
5341
5342
5343
5345
5346
5347
5348
5349
5350
5352
5353
5354
5355
5356
5358
5359
5361
5362
5363
5365
5366
5367
5368
5369
5370
5371
5372
5374
5375
5377
5378
5379
5380
5381
5382
5383
5384
5385
5387
5388
5390
5391
5392
5393
5394
5395
5396
5397
5398
5399
5400
5401
5402
5403
5404
5405
5407
5408
5409
5410
5411
5412
5413
5414
5415
5416
5417
5418
5419
5420
5421
5422
5424
5425
5426
5427
5428
5430
5431
5432
5433
5434
5435
5436
5438
5439
5440
5441
5442
5443
5444
5445
5447
5448
5449
5450
5451
5452
5453
5454
5455
5456
5457
5458
5459
5460
5461
5462
5463
5464
5466
5467
5468
5469
5470
5471
5472
5473
5474
5477
5478
5480
5481
5482
5483
5484
5485
5486
5487
5488
5489
5490
5491
5492
5493
5494
5495
5496
5497
5498
5499
5501
5502
5503
5505
5506
5507
5509
5510
5511
5512
5513
5514
5517
5518
5519
5520
5521
5522
5523
5524
5525
5526
5527
5528
5530
5531
5532
5533
5535
5536
5539
5540
5541
5542
5543
5544
5545
5546
5548
5549
5550
5551
5552
5553
5554
5555
5556
5557
5558
5560
5561
5562
5563
5564
5565
5567
5568
5569
5570
5571
5572
5573
5574
5575
5577
5578
5579
5580
5581
5584
5585
5586
5587
5588
5590
5591
5592
5594
5595
5596
5597
5598
5599
5600
5601
5602
5603
5604
5605
5607
5608
5609
5610
5611
5612
5613
5614
5615
5616
5617
5619
5620
5621
5622
5623
5624
5625
5626
5627
5628
5630
5631
5632
5633
5634
5635
5636
5637
5638
5639
5640
5641
5642
5643
5644
5647
5648
5649
5650
5651
5652
5654
5655
5656
5657
5658
5659
5660
5661
5662
5663
5664
5665
5666
5667
5668
5669
5670
5671
5672
5673
5674
5675
5676
5679
5680
5681
5682
5683
5685
5686
5687
5688
5689
5691
5692
5693
5694
5695
5696
5697
5698
5699
5700
5701
5702
5703
5704
5706
5707
5708
5710
5711
5712
5713
5714
5716
5717
5718
5719
5720
5721
5722
5724
5725
5726
5728
5729
5730
5731
5732
5733
5734
5735
5736
5737
5738
5740
5741
5742
5743
5744
5745
5747
5748
5749
5750
5751
5752
5753
5754
5755
5757
5759
5760
5761
5762
5763
5764
5765
5766
5767
5768
5769
5770
5772
5773
5774
5775
5776
5777
5778
5779
5780
5781
5782
5783
5784
5785
5786
5787
5788
5790
5791
5792
5793
5794
5796
5797
5799
5800
5801
5802
5803
5804
5805
5806
5807
5808
5810
5811
5812
5813
5814
5815
5816
5817
5818
5819
5820
5821
5822
5823
5824
5825
5826
5827
5828
5829
5830
5831
5832
5833
5834
5835
5836
5838
5839
5840
5842
5843
5844
5845
5846
5847
5848
5850
5851
5852
5854
5855
5856
5857
5858
5859
5860
5861
5862
5864
5865
5867
5868
5869
5870
5871
5872
5873
5874
5875
5876
5877
5878
5879
5880
5881
5882
5884
5885
5886
5887
5888
5889
5890
5891
5893
5894
5895
5896
5898
5899
5901
5902
5903
5904
5905
5906
5907
5908
5909
5910
5911
5912
5913
5914
5915
5916
5917
5918
5919
5921
5922
5923
5924
5925
5926
5927
5929
5930
5931
5932
5933
5934
5935
5936
5937
5938
5939
5940
5941
5942
5943
5944
5945
5946
5947
5948
5950
5951
5952
5953
5954
5955
5956
5957
5958
5959
5960
5961
5962
5963
5964
5965
5967
5968
5969
5970
5971
5972
5973
5974
5975
5976
5979
5980
5981
5982
5983
5985
5986
5987
5988
5989
5991
5992
5993
5994
5996
5997
5999
6000
6001
6003
6004
6006
6007
6009
6010
6011
6012
6013
6014
6015
6016
6017
6018
6019
6020
6021
6022
6023
6024
6025
6026
6027
6028
6030
6031
6032
6033
6034
6035
6036
6037
6038
6039
6041
6043
6044
6046
6047
6048
6049
6050
6051
6052
6053
6054
6055
6057
6058
6059
6061
6062
6063
6064
6065
6066
6067
6068
6071
6072
6073
6074
6075
6076
6078
6079
6080
6081
6082
6083
6085
6086
6087
6088
6089
6090
6091
6092
6093
6094
6096
6097
6098
6099
6100
6101
6102
6103
6105
6106
6107
6108
6109
6110
6112
6114
6115
6116
6117
6118
6119
6120
6121
6122
6123
6124
6125
6126
6127
6129
6130
6131
6132
6133
6135
6136
6137
6138
6139
6140
6142
6143
6144
6146
6147
6148
6149
6150
6151
6152
6153
6155
6156
6157
6158
6159
6160
6161
6162
6163
6164
6165
6166
6167
6168
6169
6170
6171
6172
6173
6174
6175
6176
6177
6178
6179
6180
6181
6182
6183
6184
6186
6187
6188
6189
6190
6192
6193
6194
6195
6197
6198
6199
6200
6201
6202
6203
6204
6205
6207
6208
6210
6211
6212
6213
6215
6216
6217
6218
6219
6220
6221
6222
6223
6224
6226
6227
6229
6230
6231
6232
6233
6234
6235
6237
6238
6239
6240
6241
6242
6243
6244
6245
6246
6247
6248
6249
6250
6251
6253
6254
6255
6256
6257
6259
6260
6262
6263
6264
6265
6266
6267
6268
6269
6270
6272
6273
6274
6276
6277
6278
6279
6280
6282
6283
6284
6285
6286
6287
6288
6289
6290
6291
6292
6293
6294
6295
6296
6297
6298
6299
6301
6302
6303
6304
6305
6306
6307
6308
6309
6310
6311
6312
6313
6315
6316
6317
6318
6319
6320
6321
6322
6323
6324
6325
6326
6327
6328
6329
6330
6331
6332
6333
6334
6335
6337
6338
6339
6341
6343
6344
6345
6346
6347
6349
6350
6351
6353
6354
6355
6356
6357
6358
6359
6360
6362
6363
6364
6365
6366
6367
6368
6369
6370
6371
6373
6374
6375
6377
6378
6379
6380
6381
6382
6383
6385
6386
6387
6388
6389
6390
6392
6393
6394
6395
6396
6397
6398
6399
6400
6402
6403
6404
6405
6406
6407
6408
6409
6410
6412
6414
6415
6417
6419
6420
6422
6423
6424
6425
6426
6427
6428
6430
6431
6432
6433
6434
6435
6436
6438
6439
6441
6442
6443
6444
6445
6446
6447
6448
6449
6450
6451
6452
6453
6454
6455
6456
6457
6458
6459
6460
6461
6462
6463
6464
6465
6466
6467
6468
6469
6470
6471
6472
6473
6474
6475
6476
6477
6478
6479
6480
6482
6483
6484
6485
6487
6488
6489
6490
6491
6492
6494
6495
6496
6497
6498
6499
6500
6501
6502
6503
6504
6505
6506
6508
6509
6510
6511
6513
6514
6515
6516
6517
6518
6519
6520
6521
6523
6524
6525
6526
6527
6528
6529
6530
6532
6533
6534
6535
6536
6537
6538
6539
6541
6542
6543
6545
6547
6548
6549
6550
6552
6554
6555
6556
6557
6559
6560
6561
6562
6563
6564
6565
6566
6567
6568
6569
6570
6571
6572
6573
6574
6575
6576
6577
6578
6579
6580
6582
6583
6584
6585
6586
6587
6588
6589
6590
6591
6592
6593
6594
6596
6597
6599
6600
6601
6602
6603
6604
6605
6606
6607
6608
6610
6611
6612
6614
6615
6616
6617
6618
6619
6620
6621
6622
6623
6624
6625
6626
6627
6628
6629
6630
6631
6632
6633
6634
6635
6636
6637
6638
6640
6641
6642
6643
6645
6646
6647
6649
6650
6651
6652
6653
6654
6656
6657
6658
6659
6661
6662
6664
6665
6666
6667
6668
6670
6671
6673
6674
6675
6676
6677
6678
6679
6681
6682
6683
6684
6685
6686
6687
6688
6689
6690
6691
6692
6693
6694
6695
6696
6697
6698
6699
6701
6702
6703
6704
6706
6708
6709
6710
6711
6712
6713
6714
6715
6716
6717
6718
6719
6720
6721
6722
6723
6724
6725
6726
6727
6728
6729
6730
6731
6732
6733
6734
6735
6737
6738
6739
6740
6741
6742
6743
6744
6745
6746
6747
6749
6750
6751
6752
6753
6754
6755
6756
6757
6758
6759
6761
6762
6763
6764
6765
6767
6768
6769
6770
6771
6772
6773
6774
6775
6777
6778
6781
6782
6783
6784
6785
6786
6788
6789
6790
6791
6793
6794
6795
6796
6797
6798
6799
6801
6802
6804
6805
6806
6807
6808
6810
6812
6814
6815
6816
6817
6818
6819
6820
6821
6822
6823
6824
6825
6826
6827
6828
6829
6831
6832
6833
6834
6835
6836
6838
6839
6840
6841
6842
6843
6844
6845
6846
6847
6848
6849
6850
6851
6852
6853
6854
6855
6856
6857
6858
6859
6860
6861
6862
6863
6864
6865
6866
6867
6868
6869
6870
6871
6872
6874
6875
6876
6877
6878
6879
6880
6882
6883
6884
6885
6886
6887
6888
6890
6891
6892
6894
6895
6896
6897
6898
6899
6900
6901
6902
6903
6904
6905
6906
6907
6909
6910
6911
6912
6913
6914
6915
6916
6917
6919
6920
6921
6922
6924
6925
6926
6927
6928
6929
6930
6931
6932
6933
6934
6935
6936
6937
6938
6939
6941
6942
6943
6944
6945
6946
6948
6949
6950
6951
6952
6953
6954
6955
6956
6957
6958
6959
6960
6961
6962
6963
6964
6965
6967
6968
6969
6970
6971
6972
6973
6975
6976
6978
6979
6981
6983
6984
6985
6987
6988
6989
6990
6991
6992
6993
6994
6995
6996
6997
6998
7000
7001
7002
7003
7004
7005
7006
7007
7008
7009
7010
7011
7012
7013
7014
7015
7016
7017
7018
7019
7021
7022
7023
7024
7025
7026
7027
7029
7030
7031
7032
7033
7034
7035
7037
7038
7039
7040
7042
7043
7044
7045
7046
7047
7048
7049
7050
7051
7052
7053
7054
7056
7057
7058
7059
7060
7061
7063
7064
7065
7067
7068
7069
7070
7071
7073
7074
7075
7076
7077
7078
7079
7080
7081
7082
7083
7084
7085
7087
7088
7089
7090
7091
7093
7094
7095
7096
7098
7099
7100
7102
7103
7104
7105
7107
7108
7109
7110
7112
7113
7114
7115
7116
7118
7120
7122
7123
7125
7127
7128
7129
7130
7131
7132
7133
7135
7137
7138
7140
7141
7142
7144
7145
7146
7147
7148
7149
7150
7151
7152
7153
7154
7155
7156
7157
7158
7159
7160
7161
7162
7164
7165
7166
7167
7168
7169
7170
7171
7173
7174
7176
7177
7178
7179
7180
7181
7182
7183
7184
7185
7186
7187
7188
7189
7190
7191
7192
7193
7194
7195
7196
7197
7199
7200
7201
7202
7204
7205
7206
7207
7208
7209
7210
7211
7212
7213
7214
7216
7217
7218
7219
7220
7221
7222
7223
7224
7225
7226
7227
7228
7229
7231
7233
7234
7235
7236
7237
7238
7239
7240
7242
7243
7244
7246
7247
7249
7250
7251
7252
7253
7254
7255
7256
7257
7258
7259
7260
7261
7263
7264
7265
7266
7267
7268
7269
7270
7272
7273
7275
7276
7278
7279
7281
7283
7284
7285
7286
7287
7288
7289
7291
7292
7293
7294
7295
7297
7299
7300
7301
7303
7304
7306
7308
7309
7311
7312
7313
7315
7316
7317
7318
7319
7320
7321
7322
7323
7325
7326
7328
7329
7330
7331
7332
7333
7334
7335
7336
7337
7338
7340
7341
7343
7344
7345
7346
7347
7349
7350
7351
7352
7354
7355
7356
7357
7358
7359
7360
7361
7362
7363
7364
7365
7366
7367
7368
7369
7370
7371
7372
7373
7374
7375
7376
7377
7378
7379
7380
7382
7383
7384
7385
7386
7387
7388
7389
7390
7391
7392
7393
7394
7396
7397
7398
7399
7400
7401
7403
7404
7405
7406
7407
7408
7410
7411
7412
7413
7414
7415
7416
7417
7418
7420
7421
7422
7423
7424
7425
7426
7427
7428
7429
7430
7431
7432
7433
7434
7435
7437
7438
7439
7440
7441
7442
7443
7444
7445
7446
7447
7448
7450
7451
7452
7454
7455
7456
7458
7459
7460
7461
7462
7463
7465
7466
7468
7469
7471
7472
7473
7475
7477
7478
7479
7480
7481
7483
7484
7485
7487
7488
7489
7490
7491
7492
7493
7494
7495
7496
7497
7498
7500
7501
7502
7504
7505
7506
7507
7510
7511
7512
7513
7514
7515
7516
7517
7518
7520
7521
7522
7523
7524
7525
7526
7528
7529
7530
7532
7533
7534
7535
7536
7537
7539
7540
7541
7542
7543
7544
7546
7547
7549
7550
7551
7553
7554
7556
7557
7558
7559
7561
7562
7563
7564
7566
7569
7570
7571
7572
7573
7574
7575
7576
7577
7578
7579
7580
7581
7582
7583
7584
7585
7586
7587
7588
7589
7590
7591
7592
7593
7594
7596
7597
7598
7599
7600
7602
7603
7605
7606
7607
7608
7609
7610
7612
7613
7614
7615
7616
7617
7618
7620
7621
7622
7624
7625
7626
7627
7628
7629
7630
7631
7632
7633
7634
7635
7636
7637
7639
7640
7642
7643
7644
7645
7646
7647
7648
7649
7650
7652
7653
7654
7656
7657
7658
7659
7661
7662
7663
7664
7665
7666
7667
7668
7669
7670
7671
7672
7673
7674
7675
7676
7677
7678
7679
7680
7682
7684
7685
7687
7688
7689
7690
7691
7692
7693
7694
7696
7697
7698
7699
7700
7701
7703
7704
7705
7706
7707
7708
7709
7710
7711
7712
7713
7715
7716
7717
7718
7719
7720
7721
7722
7723
7726
7727
7728
7730
7731
7733
7734
7736
7737
7738
7740
7741
7743
7744
7745
7746
7747
7748
7749
7750
7752
7753
7755
7756
7757
7758
7759
7760
7761
7762
7763
7764
7765
7766
7767
7769
7770
7771
7772
7773
7774
7777
7778
7779
7781
7783
7784
7785
7786
7787
7788
7789
7790
7791
7792
7793
7794
7795
7796
7797
7798
7799
7800
7801
7802
7804
7805
7807
7809
7811
7812
7813
7814
7815
7816
7817
7818
7821
7822
7823
7824
7825
7826
7827
7828
7830
7831
7832
7833
7835
7836
7837
7838
7839
7840
7841
7842
7843
7844
7845
7846
7847
7848
7849
7850
7851
7852
7853
7854
7855
7856
7857
7858
7859
7860
7861
7862
7863
7864
7865
7866
7867
7868
7869
7870
7871
7872
7873
7874
7875
7876
7877
7878
7879
7880
7881
7883
7884
7885
7886
7887
7888
7889
7891
7893
7894
7895
7896
7897
7900
7901
7902
7903
7904
7905
7907
7908
7909
7910
7912
7913
7914
7915
7916
7917
7918
7919
7920
7922
7923
7924
7926
7927
7929
7930
7931
7932
7934
7935
7936
7937
7938
7939
7940
7941
7942
7943
7945
7946
7947
7948
7950
7951
7952
7953
7954
7956
7957
7959
7960
7961
7962
7964
7965
7966
7967
7968
7969
7970
7971
7972
7974
7975
7976
7977
7978
7979
7981
7982
7983
7985
7986
7987
7989
7990
7991
7992
7994
7995
7997
7998
8000
8001
8002
8003
8005
8006
8007
8008
8009
8010
8011
8012
8013
8014
8015
8017
8019
8020
8021
8022
8023
8024
8026
8027
8029
8030
8031
8032
8033
8034
8035
8036
8037
8039
8040
8043
8044
8045
8046
8047
8048
8049
8050
8051
8052
8053
8054
8055
8056
8057
8059
8060
8061
8063
8064
8066
8068
8070
8072
8073
8074
8075
8076
8078
8079
8080
8081
8083
8085
8086
8087
8088
8089
8090
8091
8092
8093
8094
8096
8097
8098
8099
8100
8101
8102
8104
8105
8106
8109
8110
8111
8113
8114
8116
8117
8118
8119
8120
8121
8122
8123
8124
8126
8127
8128
8131
8132
8133
8135
8136
8137
8138
8139
8140
8141
8142
8143
8144
8145
8146
8148
8149
8150
8152
8153
8154
8155
8157
8158
8160
8161
8162
8163
8164
8165
8166
8167
8168
8169
8170
8171
8172
8173
8174
8175
8176
8177
8178
8179
8180
8181
8182
8183
8184
8186
8187
8188
8189
8190
8192
8193
8194
8195
8196
8198
8199
8201
8202
8203
8204
8207
8208
8209
8210
8211
8213
8214
8215
8217
8218
8219
8220
8221
8222
8223
8224
8225
8226
8227
8228
8229
8231
8232
8234
8235
8236
8237
8238
8239
8241
8242
8244
8245
8246
8247
8248
8249
8250
8251
8252
8253
8254
8256
8257
8259
8261
8262
8263
8264
8265
8267
8268
8270
8271
8272
8273
8274
8275
8277
8278
8279
8280
8282
8283
8284
8285
8286
8288
8290
8291
8292
8293
8294
8295
8296
8299
8300
8301
8302
8304
8305
8306
8307
8308
8309
8310
8311
8312
8313
8314
8315
8316
8318
8319
8320
8321
8323
8324
8325
8326
8327
8328
8330
8331
8332
8333
8335
8336
8337
8338
8339
8341
8343
8344
8345
8346
8347
8348
8349
8351
8352
8353
8354
8355
8356
8357
8358
8359
8361
8362
8363
8364
8366
8367
8368
8369
8370
8372
8373
8374
8376
8377
8378
8379
8380
8381
8382
8383
8384
8387
8388
8389
8390
8391
8393
8394
8395
8397
8398
8399
8400
8401
8402
8403
8404
8405
8406
8408
8409
8410
8411
8412
8413
8414
8415
8417
8418
8419
8420
8422
8423
8424
8425
8426
8427
8428
8429
8430
8431
8432
8433
8435
8436
8437
8439
8440
8441
8442
8443
8444
8445
8446
8447
8448
8449
8450
8452
8453
8454
8456
8457
8459
8460
8461
8463
8464
8465
8466
8467
8470
8471
8472
8474
8475
8476
8477
8478
8479
8480
8481
8482
8483
8484
8485
8486
8487
8488
8489
8490
8492
8493
8494
8496
8497
8498
8499
8500
8501
8502
8503
8504
8505
8506
8507
8508
8509
8510
8511
8512
8513
8514
8515
8516
8517
8518
8519
8520
8521
8523
8524
8526
8527
8528
8529
8530
8531
8532
8533
8534
8536
8537
8538
8539
8540
8542
8543
8544
8545
8547
8548
8549
8550
8551
8553
8554
8555
8556
8559
8560
8561
8562
8564
8565
8566
8568
8569
8570
8571
8572
8573
8574
8575
8576
8577
8579
8580
8581
8582
8583
8584
8585
8586
8587
8588
8589
8591
8592
8593
8594
8596
8597
8598
8599
8601
8602
8603
8604
8605
8606
8607
8608
8609
8610
8611
8612
8613
8614
8615
8616
8617
8618
8620
8621
8622
8623
8624
8625
8626
8627
8628
8629
8630
8631
8632
8633
8634
8635
8636
8637
8638
8639
8640
8641
8642
8643
8645
8646
8647
8648
8649
8650
8652
8653
8654
8655
8656
8657
8658
8659
8661
8662
8664
8666
8667
8669
8671
8672
8673
8674
8675
8676
8677
8678
8679
8681
8682
8683
8684
8686
8688
8689
8690
8691
8693
8694
8695
8696
8697
8698
8699
8701
8702
8703
8704
8705
8706
8707
8708
8709
8710
8711
8712
8713
8714
8716
8717
8718
8719
8720
8721
8722
8723
8726
8727
8729
8730
8731
8733
8734
8735
8736
8737
8739
8740
8741
8744
8745
8746
8747
8748
8750
8751
8753
8754
8755
8756
8757
8758
8759
8760
8761
8762
8763
8764
8765
8767
8768
8770
8771
8773
8775
8776
8777
8778
8779
8781
8782
8783
8784
8785
8786
8787
8788
8789
8790
8791
8792
8794
8796
8797
8798
8800
8802
8803
8805
8806
8807
8808
8809
8810
8811
8812
8813
8814
8815
8816
8818
8819
8820
8821
8822
8823
8824
8825
8826
8827
8828
8829
8831
8833
8834
8836
8837
8838
8839
8840
8841
8842
8843
8844
8846
8847
8849
8850
8852
8854
8855
8856
8857
8858
8859
8860
8861
8862
8863
8864
8865
8866
8868
8869
8870
8871
8872
8873
8874
8875
8876
8877
8879
8880
8881
8883
8884
8885
8886
8887
8888
8889
8890
8891
8893
8894
8895
8896
8897
8898
8902
8903
8904
8906
8907
8909
8910
8911
8912
8913
8914
8915
8917
8918
8919
8921
8923
8924
8925
8926
8928
8929
8930
8932
8933
8934
8935
8936
8937
8939
8940
8941
8942
8944
8945
8946
8948
8950
8951
8952
8953
8954
8955
8956
8958
8959
8961
8962
8963
8965
8966
8967
8968
8969
8970
8972
8973
8974
8975
8976
8977
8978
8979
8980
8981
8982
8983
8984
8985
8986
8987
8988
8990
8991
8992
8993
8994
8995
8996
8997
8999
9000
9002
9003
9004
9005
9006
9007
9008
9009
9010
9011
9013
9015
9017
9019
9021
9023
9025
9026
9027
9029
9031
9032
9034
9036
9037
9038
9039
9040
9041
9042
9043
9044
9046
9047
9048
9049
9050
9051
9052
9053
9054
9055
9056
9058
9059
9060
9062
9063
9064
9065
9067
9068
9069
9070
9071
9072
9074
9075
9076
9077
9078
9079
9080
9081
9082
9083
9084
9086
9087
9088
9089
9090
9091
9092
9094
9095
9097
9098
9100
9102
9103
9105
9106
9107
9108
9109
9110
9112
9113
9115
9117
9118
9119
9120
9122
9123
9124
9125
9126
9127
9128
9129
9130
9131
9133
9134
9136
9137
9138
9139
9140
9141
9142
9143
9144
9145
9147
9149
9150
9152
9153
9154
9155
9156
9157
9158
9159
9160
9161
9162
9163
9164
9165
9166
9167
9168
9169
9172
9173
9174
9175
9176
9177
9178
9179
9180
9182
9184
9185
9186
9188
9189
9191
9192
9193
9194
9196
9198
9199
9201
9202
9204
9205
9206
9208
9209
9211
9212
9213
9214
9215
9216
9217
9218
9219
9220
9221
9223
9225
9226
9227
9228
9229
9231
9232
9234
9235
9236
9237
9238
9240
9241
9242
9243
9244
9245
9247
9248
9250
9251
9252
9253
9254
9256
9258
9260
9261
9262
9264
9265
9266
9268
9269
9270
9271
9272
9273
9275
9276
9277
9278
9280
9281
9283
9284
9285
9287
9288
9289
9290
9291
9292
9293
9294
9296
9297
9298
9299
9300
9301
9302
9303
9305
9306
9307
9308
9309
9310
9311
9312
9313
9314
9315
9316
9317
9318
9320
9321
9322
9323
9325
9326
9327
9328
9329
9331
9332
9333
9335
9336
9337
9338
9339
9340
9342
9343
9344
9345
9347
9348
9349
9350
9351
9353
9354
9355
9356
9357
9358
9359
9360
9361
9362
9363
9364
9365
9366
9367
9368
9369
9371
9372
9373
9374
9375
9376
9378
9379
9381
9383
9384
9385
9386
9387
9388
9389
9390
9391
9393
9394
9395
9397
9398
9399
9401
9402
9403
9404
9405
9406
9407
9409
9410
9411
9413
9414
9415
9417
9418
9419
9420
9421
9422
9423
9424
9426
9427
9429
9430
9431
9432
9433
9434
9435
9437
9438
9439
9440
9441
9442
9444
9445
9446
9448
9450
9451
9452
9453
9454
9455
9457
9458
9459
9460
9461
9462
9463
9464
9465
9466
9468
9469
9470
9472
9473
9475
9476
9477
9478
9479
9480
9482
9485
9486
9487
9488
9489
9490
9491
9492
9493
9494
9495
9496
9497
9498
9499
9500
9501
9503
9505
9506
9507
9508
9510
9511
9512
9513
9515
9516
9518
9520
9522
9523
9524
9526
9527
9528
9529
9531
9533
9534
9536
9537
9538
9539
9541
9542
9544
9545
9546
9547
9548
9549
9551
9552
9553
9554
9555
9557
9558
9559
9560
9561
9562
9563
9564
9565
9566
9567
9568
9569
9570
9571
9572
9573
9574
9575
9576
9577
9578
9579
9581
9582
9583
9584
9586
9587
9588
9589
9590
9591
9592
9593
9594
9595
9596
9597
9598
9599
9600
9601
9603
9604
9605
9606
9607
9608
9609
9612
9615
9616
9617
9618
9620
9621
9622
9623
9625
9626
9627
9629
9630
9632
9633
9634
9635
9636
9637
9639
9640
9641
9643
9644
9645
9646
9647
9648
9649
9650
9651
9652
9653
9654
9655
9656
9657
9659
9660
9661
9662
9663
9664
9666
9667
9668
9669
9670
9671
9673
9674
9676
9677
9678
9679
9680
9682
9683
9685
9686
9687
9688
9691
9693
9694
9695
9696
9697
9699
9700
9702
9703
9704
9705
9706
9707
9709
9710
9711
9712
9713
9715
9716
9717
9719
9720
9721
9722
9723
9725
9726
9727
9729
9730
9732
9733
9734
9735
9736
9738
9739
9741
9742
9743
9745
9746
9747
9748
9749
9750
9751
9752
9753
9754
9755
9756
9757
9759
9760
9761
9763
9764
9765
9766
9767
9768
9769
9770
9771
9772
9774
9775
9777
9778
9779
9781
9782
9783
9785
9786
9788
9789
9790
9791
9793
9794
9795
9797
9799
9800
9801
9803
9804
9806
9807
9808
9809
9810
9812
9813
9815
9816
9818
9819
9820
9821
9823
9824
9825
9826
9827
9830
9831
9833
9834
9835
9837
9838
9840
9841
9842
9844
9845
9846
9848
9849
9850
9852
9853
9854
9855
9857
9858
9859
9860
9861
9863
9864
9865
9866
9867
9868
9870
9871
9872
9874
9875
9876
9878
9879
9881
9882
9883
9884
9885
9886
9888
9889
9890
9891
9892
9893
9894
9895
9896
9897
9898
9899
9900
9901
9903
9905
9906
9907
9909
9910
9912
9913
9914
9916
9917
9918
9920
9921
9923
9925
9927
9928
9930
9931
9932
9933
9934
9935
9937
9939
9941
9942
9943
9945
9946
9947
9948
9949
9951
9952
9954
9956
9958
9959
9960
9961
9962
9963
9964
9966
9967
9968
9969
9970
9972
9973
9974
9975
9976
9978
9979
9980
9981
9982
9983
9985
9986
9987
9988
9989
9990
9991
9993
9994
9995
9996
9997
9999
10000
10002
10003
10004
10006
10007
10010
10011
10012
10013
10016
10017
10018
10019
10020
10021
10022
10023
10024
10026
10027
10028
10029
10030
10031
10033
10035
10036
10037
10040
10042
10043
10044
10046
10047
10048
10049
10050
10052
10053
10054
10055
10056
10057
10058
10060
10061
10062
10064
10065
10066
10067
10068
10069
10071
10072
10074
10075
10079
10080
10081
10082
10083
10084
10085
10086
10088
10090
10092
10093
10094
10096
10097
10098
10100
10101
10102
10103
10104
10105
10106
10107
10108
10110
10111
10112
10113
10114
10115
10117
10119
10120
10122
10123
10124
10125
10126
10128
10129
10130
10131
10132
10134
10135
10136
10137
10138
10140
10141
10142
10144
10146
10147
10148
10149
10150
10152
10153
10154
10155
10157
10158
10160
10161
10162
10163
10164
10165
10166
10167
10168
10169
10170
10171
10172
10173
10175
10177
10178
10179
10181
10182
10183
10185
10186
10187
10188
10189
10190
10191
10192
10193
10195
10196
10197
10199
10200
10202
10204
10205
10207
10208
10210
10211
10212
10213
10214
10215
10216
10217
10218
10220
10221
10222
10223
10224
10225
10227
10228
10229
10230
10231
10232
10233
10234
10235
10236
10237
10238
10239
10241
10242
10245
10246
10247
10248
10250
10251
10252
10253
10254
10255
10256
10257
10259
10260
10262
10263
10264
10266
10267
10268
10269
10270
10271
10272
10273
10274
10276
10277
10278
10280
10281
10282
10284
10285
10286
10287
10288
10289
10290
10291
10292
10293
10294
10295
10296
10297
10298
10300
10301
10302
10303
10306
10307
10308
10309
10310
10311
10312
10313
10314
10315
10316
10317
10318
10319
10320
10321
10323
10324
10325
10327
10328
10329
10330
10331
10335
10336
10337
10338
10339
10340
10342
10343
10344
10345
10346
10348
10349
10352
10353
10356
10357
10358
10360
10361
10362
10363
10364
10366
10367
10368
10369
10370
10371
10372
10373
10375
10377
10379
10380
10381
10383
10384
10385
10387
10388
10390
10391
10392
10394
10395
10396
10399
10400
10401
10403
10404
10406
10407
10408
10409
10410
10411
10412
10413
10414
10415
10417
10418
10419
10420
10421
10422
10423
10424
10425
10427
10428
10430
10432
10434
10435
10437
10439
10440
10441
10442
10443
10444
10446
10447
10448
10450
10451
10453
10455
10456
10457
10459
10460
10462
10464
10465
10466
10468
10469
10470
10471
10472
10473
10475
10476
10477
10479
10481
10482
10483
10485
10486
10487
10488
10490
10491
10492
10493
10494
10495
10497
10498
10499
10500
10501
10502
10503
10504
10505
10507
10508
10510
10511
10512
10513
10514
10516
10517
10518
10519
10520
10521
10522
10524
10525
10526
10527
10528
10529
10530
10531
10532
10534
10535
10536
10537
10539
10541
10542
10543
10545
10546
10547
10549
10550
10551
10552
10553
10554
10556
10557
10559
10560
10561
10562
10564
10565
10566
10567
10568
10570
10571
10573
10574
10575
10576
10577
10580
10581
10582
10584
10585
10586
10587
10588
10589
10590
10591
10593
10594
10595
10596
10597
10598
10599
10600
10602
10603
10604
10606
10608
10609
10610
10611
10612
10613
10614
10615
10616
10617
10619
10620
10621
10622
10624
10625
10628
10629
10631
10632
10633
10634
10636
10637
10638
10639
10640
10641
10643
10645
10646
10647
10648
10649
10651
10652
10653
10655
10656
10658
10660
10661
10662
10663
10664
10665
10667
10668
10670
10671
10672
10673
10674
10675
10676
10677
10678
10680
10682
10683
10684
10685
10686
10687
10689
10690
10692
10695
10696
10698
10699
10701
10702
10703
10705
10706
10707
10710
10712
10713
10714
10715
10717
10718
10720
10721
10722
10724
10726
10727
10728
10729
10731
10732
10733
10734
10736
10737
10738
10740
10741
10742
10743
10745
10746
10748
10749
10750
10751
10752
10753
10755
10756
10757
10758
10759
10760
10761
10762
10763
10764
10765
10766
10767
10768
10769
10770
10771
10772
10773
10774
10776
10777
10778
10779
10780
10781
10782
10783
10784
10785
10787
10788
10790
10791
10792
10793
10795
10796
10797
10798
10799
10801
10803
10804
10805
10806
10807
10808
10809
10810
10811
10812
10813
10814
10815
10816
10818
10820
10821
10822
10823
10824
10825
10827
10829
10830
10831
10832
10833
10834
10835
10837
10838
10840
10842
10843
10844
10845
10846
10847
10848
10849
10850
10852
10853
10855
10856
10857
10859
10860
10861
10862
10863
10864
10866
10867
10868
10869
10870
10872
10873
10874
10876
10877
10878
10879
10881
10883
10884
10886
10887
10888
10889
10890
10891
10892
10894
10895
10896
10897
10899
10900
10901
10903
10904
10905
10906
10907
10908
10909
10910
10911
10912
10913
10915
10917
10918
10919
10921
10922
10923
10924
10925
10926
10927
10928
10929
10930
10931
10932
10933
10934
10936
10937
10938
10940
10941
10943
10944
10945
10947
10948
10949
10950
10951
10952
10953
10955
10956
10957
10958
10959
10960
10961
10962
10964
10965
10966
10967
10968
10970
10971
10973
10975
10976
10978
10979
10981
10982
10983
10984
10985
10986
10988
10991
10992
10994
10995
10996
10997
10998
10999
11000
11001
11003
11004
11006
11008
11009
11010
11011
11012
11013
11014
11015
11016
11017
11018
11019
11020
11022
11023
11024
11026
11027
11028
11029
11031
11033
11034
11035
11036
11037
11038
11039
11040
11042
11043
11044
11045
11046
11047
11048
11049
11050
11053
11054
11055
11056
11057
11058
11059
11061
11062
11063
11064
11065
11066
11067
11068
11069
11071
11072
11073
11074
11075
11076
11077
11078
11079
11080
11081
11082
11083
11084
11085
11086
11087
11088
11089
11091
11092
11093
11094
11095
11096
11098
11099
11101
11102
11103
11105
11108
11109
11110
11111
11113
11114
11115
11116
11117
11118
11120
11121
11122
11123
11124
11125
11126
11127
11128
11129
11132
11133
11134
11135
11136
11137
11138
11139
11140
11141
11142
11143
11144
11145
11146
11148
11149
11150
11151
11152
11153
11155
11156
11157
11158
11159
11160
11161
11162
11163
11164
11165
11166
11169
11170
11171
11172
11173
11175
11176
11178
11179
11180
11181
11182
11183
11184
11186
11187
11188
11190
11192
11194
11195
11196
11197
11198
11199
11201
11203
11204
11205
11206
11207
11208
11209
11210
11211
11214
11215
11216
11217
11218
11220
11221
11222
11224
11225
11226
11227
11228
11229
11231
11232
11233
11234
11236
11238
11239
11240
11241
11243
11244
11245
11247
11248
11249
11250
11252
11253
11254
11256
11257
11258
11259
11260
11261
11262
11263
11265
11267
11268
11271
11272
11274
11276
11278
11279
11280
11281
11282
11283
11285
11286
11288
11289
11291
11292
11294
11295
11297
11298
11299
11300
11302
11303
11304
11305
11306
11307
11309
11310
11311
11312
11313
11314
11315
11316
11317
11318
11320
11321
11322
11323
11325
11326
11327
11328
11329
11331
11332
11333
11335
11336
11337
11339
11342
11343
11344
11345
11346
11347
11348
11349
11350
11351
11352
11354
11355
11357
11358
11359
11361
11362
11363
11364
11365
11366
11367
11369
11370
11371
11372
11373
11374
11375
11376
11377
11379
11380
11381
11383
11384
11386
11387
11388
11389
11390
11391
11392
11393
11394
11395
11396
11398
11400
11401
11402
11403
11404
11405
11406
11407
11408
11409
11410
11411
11413
11414
11415
11417
11418
11419
11420
11421
11423
11424
11426
11427
11428
11430
11431
11432
11434
11435
11436
11437
11438
11439
11440
11441
11442
11443
11445
11446
11447
11448
11449
11450
11451
11452
11453
11455
11457
11458
11459
11460
11462
11463
11464
11465
11466
11467
11469
11470
11471
11472
11473
11474
11475
11476
11478
11479
11480
11481
11483
11484
11485
11486
11487
11488
11489
11490
11491
11492
11493
11495
11496
11498
11499
11500
11501
11502
11503
11505
11506
11508
11509
11511
11512
11514
11515
11516
11518
11519
11520
11521
11522
11524
11525
11527
11529
11530
11532
11533
11534
11536
11537
11538
11539
11540
11541
11542
11544
11545
11547
11548
11550
11551
11553
11554
11555
11557
11558
11559
11560
11561
11563
11564
11566
11567
11568
11569
11570
11571
11574
11575
11576
11577
11580
11581
11583
11584
11585
11586
11587
11588
11592
11593
11594
11596
11598
11600
11602
11603
11604
11605
11606
11608
11609
11611
11612
11614
11615
11616
11618
11619
11620
11622
11623
11624
11625
11626
11627
11628
11630
11631
11632
11633
11634
11637
11638
11640
11641
11642
11643
11644
11645
11647
11648
11649
11651
11652
11653
11655
11656
11657
11658
11659
11661
11662
11663
11664
11665
11666
11667
11669
11671
11673
11675
11676
11677
11678
11680
11681
11682
11683
11685
11687
11688
11689
11690
11691
11693
11694
11695
11697
11699
11700
11701
11702
11704
11705
11706
11708
11709
11710
11711
11712
11713
11715
11716
11717
11718
11720
11721
11722
11723
11724
11725
11726
11729
11730
11731
11732
11733
11734
11737
11738
11739
11740
11741
11742
11743
11744
11745
11746
11747
11748
11749
11750
11752
11753
11754
11755
11756
11757
11758
11759
11760
11761
11763
11764
11766
11767
11768
11769
11770
11772
11773
11775
11776
11777
11779
11780
11781
11783
11784
11787
11788
11789
11790
11791
11792
11793
11795
11796
11797
11798
11799
11800
11801
11802
11803
11804
11805
11806
11807
11808
11810
11812
11813
11814
11815
11816
11817
11818
11819
11820
11821
11822
11823
11824
11825
11826
11827
11828
11829
11832
11833
11834
11835
11836
11838
11839
11842
11843
11844
11846
11847
11848
11849
11850
11851
11852
11853
11854
11855
11856
11857
11858
11859
11860
11861
11862
11863
11864
11865
11866
11867
11869
11870
11871
11872
11873
11874
11876
11877
11878
11879
11880
11882
11883
11884
11885
11887
11888
11890
11891
11892
11893
11894
11896
11897
11898
11899
11900
11901
11903
11904
11905
11906
11907
11908
11909
11910
11912
11913
11914
11915
11916
11917
11918
11920
11921
11922
11924
11925
11926
11929
11930
11932
11933
11934
11935
11936
11938
11939
11940
11941
11942
11943
11944
11946
11947
11949
11950
11951
11953
11955
11956
11958
11959
11960
11961
11962
11963
11965
11966
11968
11969
11971
11972
11973
11975
11976
11977
11978
11979
11980
11981
11982
11984
11985
11986
11987
11990
11992
11994
11995
11996
11998
11999
12001
12002
12004
12005
12006
12008
12009
12010
12012
12013
12015
12016
12017
12018
12020
12021
12022
12024
12025
12026
12027
12028
12030
12031
12033
12034
12035
12037
12038
12039
12040
12041
12042
12043
12044
12045
12046
12047
12050
12051
12052
12053
12054
12056
12057
12058
12059
12060
12063
12064
12065
12067
12069
12070
12072
12073
12074
12076
12078
12079
12080
12082
12083
12084
12085
12086
12087
12089
12090
12091
12092
12093
12094
12095
12097
12098
12099
12100
12101
12102
12103
12104
12105
12107
12109
12110
12111
12113
12114
12115
12117
12118
12119
12121
12123
12124
12125
12126
12127
12128
12129
12130
12131
12132
12134
12135
12137
12138
12139
12140
12141
12142
12143
12144
12145
12147
12148
12150
12152
12153
12154
12156
12157
12158
12160
12161
12162
12163
12164
12165
12166
12167
12168
12169
12170
12171
12172
12174
12175
12176
12179
12180
12182
12183
12185
12186
12187
12189
12190
12191
12192
12194
12195
12198
12199
12200
12201
12203
12205
12206
12207
12208
12209
12210
12212
12214
12215
12217
12218
12219
12220
12221
12222
12223
12225
12227
12228
12229
12230
12231
12232
12233
12234
12236
12237
12239
12240
12243
12244
12245
12246
12247
12248
12250
12251
12253
12255
12256
12258
12259
12261
12262
12263
12265
12266
12268
12269
12270
12271
12273
12275
12276
12279
12280
12282
12283
12285
12287
12288
12289
12290
12291
12292
12293
12295
12296
12298
12299
12301
12302
12303
12304
12305
12306
12307
12308
12309
12310
12312
12313
12315
12317
12318
12319
12320
12321
12322
12323
12324
12325
12326
12327
12328
12329
12331
12332
12333
12334
12336
12337
12338
12339
12340
12341
12342
12343
12345
12346
12347
12348
12349
12350
12351
12352
12353
12354
12356
12357
12358
12359
12361
12362
12363
12364
12365
12367
12369
12370
12371
12372
12373
12374
12377
12378
12379
12381
12383
12384
12385
12386
12387
12388
12389
12390
12391
12392
12393
12394
12395
12396
12397
12398
12401
12402
12403
12405
12406
12407
12408
12409
12410
12411
12412
12413
12414
12417
12418
12419
12420
12422
12423
12424
12425
12427
12428
12429
12430
12432
12433
12435
12436
12438
12441
12442
12443
12444
12446
12447
12448
12449
12450
12451
12452
12453
12454
12455
12457
12458
12460
12462
12463
12464
12466
12467
12468
12469
12470
12472
12473
12474
12475
12478
12479
12480
12481
12483
12484
12485
12486
12487
12488
12489
12491
12493
12494
12495
12496
12498
12499
12500
12501
12502
12503
12504
12505
12506
12508
12509
12510
12511
12512
12514
12515
12516
12517
12518
12519
12520
12521
12522
12523
12525
12526
12528
12530
12531
12532
12534
12536
12537
12538
12540
12541
12542
12543
12545
12547
12548
12549
12550
12552
12553
12554
12556
12557
12560
12561
12562
12564
12565
12567
12568
12569
12570
12572
12573
12575
12576
12577
12579
12580
12582
12583
12584
12585
12586
12587
12588
12590
12591
12593
12594
12595
12598
12599
12600
12602
12603
12604
12606
12609
12611
12612
12613
12614
12615
12616
12617
12618
12619
12620
12622
12623
12625
12627
12628
12629
12630
12631
12633
12634
12638
12639
12640
12641
12642
12643
12644
12645
12646
12647
12648
12649
12650
12652
12653
12654
12656
12658
12659
12661
12662
12663
12665
12666
12668
12669
12670
12672
12674
12675
12676
12677
12678
12679
12680
12681
12682
12683
12684
12685
12687
12688
12690
12691
12692
12693
12695
12696
12698
12699
12700
12701
12702
12703
12704
12705
12706
12707
12708
12710
12711
12712
12714
12715
12716
12718
12719
12720
12723
12724
12725
12726
12727
12728
12729
12731
12732
12733
12734
12736
12738
12740
12741
12742
12744
12745
12746
12748
12750
12751
12752
12753
12754
12755
12756
12757
12758
12759
12761
12762
12763
12764
12765
12766
12767
12769
12770
12771
12773
12775
12777
12778
12779
12780
12781
12782
12784
12785
12787
12788
12790
12791
12793
12794
12795
12796
12797
12798
12799
12800
12801
12802
12803
12804
12805
12806
12807
12808
12809
12810
12813
12815
12816
12817
12818
12819
12820
12821
12822
12823
12824
12826
12827
12828
12829
12830
12832
12833
12834
12835
12836
12837
12838
12839
12840
12841
12842
12843
12845
12846
12847
12848
12849
12850
12851
12853
12855
12857
12858
12859
12860
12862
12863
12864
12865
12867
12868
12870
12871
12872
12873
12874
12875
12877
12878
12879
12880
12883
12885
12886
12888
12890
12893
12894
12895
12897
12899
12900
12901
12903
12904
12905
12907
12908
12909
12910
12912
12913
12914
12915
12916
12917
12919
12921
12922
12924
12926
12927
12928
12929
12931
12933
12934
12936
12937
12938
12939
12940
12941
12943
12945
12946
12947
12948
12950
12951
12952
12953
12954
12955
12956
12957
12960
12961
12964
12965
12966
12967
12969
12970
12971
12972
12974
12975
12976
12977
12978
12980
12982
12983
12984
12986
12987
12988
12990
12991
12993
12994
12996
12997
12998
12999
13001
13002
13003
13005
13006
13008
13010
13011
13013
13014
13015
13016
13017
13019
13021
13022
13024
13025
13027
13028
13029
13030
13031
13032
13033
13034
13035
13036
13037
13038
13041
13043
13044
13046
13047
13050
13052
13054
13055
13056
13057
13059
13060
13061
13062
13063
13064
13065
13066
13068
13070
13071
13072
13073
13075
13076
13077
13078
13079
13080
13082
13083
13084
13085
13087
13089
13090
13092
13094
13095
13097
13098
13100
13101
13102
13103
13106
13108
13109
13112
13113
13115
13116
13118
13119
13120
13121
13122
13123
13124
13126
13129
13130
13131
13132
13133
13134
13135
13136
13139
13140
13142
13144
13146
13147
13148
13150
13151
13152
13154
13155
13156
13157
13158
13159
13161
13162
13163
13164
13165
13166
13167
13168
13169
13170
13171
13172
13173
13174
13175
13176
13177
13178
13179
13181
13182
13183
13184
13185
13186
13188
13189
13191
13192
13193
13194
13195
13196
13197
13198
13199
13201
13202
13203
13204
13205
13206
13207
13209
13212
13214
13215
13217
13218
13219
13221
13223
13224
13228
13229
13231
13232
13233
13234
13235
13237
13239
13240
13241
13242
13243
13244
13246
13248
13249
13250
13251
13252
13255
13256
13258
13259
13260
13261
13262
13263
13264
13265
13266
13267
13269
13270
13271
13272
13274
13275
13276
13277
13278
13279
13280
13281
13282
13283
13284
13285
13286
13287
13288
13290
13291
13293
13294
13295
13297
13298
13299
13301
13302
13303
13307
13308
13310
13311
13313
13314
13316
13317
13318
13319
13320
13321
13322
13325
13326
13328
13329
13330
13331
13333
13335
13337
13338
13340
13342
13343
13345
13347
13348
13350
13352
13353
13354
13355
13356
13358
13360
13361
13362
13363
13364
13365
13366
13367
13368
13371
13372
13373
13374
13375
13376
13377
13378
13379
13380
13381
13382
13384
13385
13386
13387
13388
13389
13390
13391
13394
13395
13396
13397
13399
13401
13403
13404
13405
13406
13407
13409
13410
13411
13413
13414
13416
13418
13420
13421
13422
13423
13424
13425
13426
13428
13429
13430
13432
13433
13434
13435
13436
13437
13438
13439
13440
13441
13442
13443
13444
13445
13446
13447
13448
13450
13452
13453
13454
13455
13456
13457
13458
13459
13461
13462
13463
13464
13465
13466
13467
13468
13469
13470
13471
13473
13474
13475
13476
13477
13478
13479
13480
13481
13482
13483
13485
13486
13487
13488
13489
13491
13492
13493
13494
13495
13496
13498
13499
13500
13501
13502
13503
13504
13505
13506
13507
13509
13510
13511
13512
13513
13515
13516
13518
13519
13521
13523
13524
13526
13527
13529
13530
13531
13532
13533
13534
13535
13536
13537
13538
13539
13540
13541
13542
13543
13544
13545
13547
13548
13549
13551
13552
13553
13555
13556
13558
13559
13560
13561
13562
13563
13564
13565
13566
13567
13568
13569
13570
13572
13574
13575
13576
13577
13578
13579
13580
13581
13582
13583
13584
13585
13586
13587
13588
13589
13590
13591
13593
13594
13595
13597
13598
13600
13602
13603
13606
13607
13608
13609
13610
13612
13614
13615
13618
13619
13620
13622
13623
13624
13626
13627
13628
13630
13631
13632
13633
13634
13635
13637
13638
13640
13642
13645
13646
13648
13649
13650
13651
13652
13653
13655
13656
13659
13660
13661
13662
13663
13665
13667
13668
13669
13670
13671
13672
13675
13676
13677
13678
13680
13681
13682
13683
13684
13685
13687
13689
13690
13691
13692
13693
13694
13695
13696
13697
13698
13699
13700
13701
13702
13703
13704
13705
13706
13707
13708
13709
13710
13711
13712
13713
13715
13716
13718
13719
13721
13722
13725
13728
13729
13730
13731
13734
13736
13737
13738
13739
13741
13742
13744
13745
13747
13748
13752
13753
13754
13755
13756
13758
13760
13761
13762
13763
13764
13766
13767
13769
13770
13772
13773
13774
13777
13779
13780
13781
13783
13784
13785
13787
13788
13789
13790
13791
13793
13794
13796
13798
13799
13801
13802
13804
13805
13806
13807
13808
13809
13810
13811
13812
13814
13815
13817
13818
13819
13820
13823
13825
13826
13829
13830
13832
13833
13834
13835
13837
13838
13839
13840
13841
13842
13843
13844
13845
13846
13847
13849
13850
13851
13852
13853
13855
13856
13858
13861
13863
13866
13867
13869
13871
13872
13873
13874
13875
13876
13877
13878
13879
13880
13881
13882
13884
13885
13886
13887
13888
13890
13891
13892
13893
13895
13896
13897
13898
13899
13900
13903
13904
13905
13908
13909
13910
13912
13914
13915
13916
13917
13920
13921
13922
13924
13926
13927
13928
13929
13930
13931
13933
13934
13936
13939
13940
13942
13943
13945
13946
13947
13949
13950
13952
13954
13956
13957
13958
13960
13961
13963
13964
13965
13966
13967
13970
13972
13974
13975
13976
13977
13978
13979
13981
13982
13986
13987
13988
13990
13992
13993
13994
13995
13997
13998
13999
14001
14002
14004
14005
14006
14007
14009
14010
14011
14013
14014
14016
14018
14020
14021
14023
14025
14027
14028
14030
14032
14034
14035
14037
14040
14041
14044
14045
14046
14047
14049
14050
14053
14055
14056
14057
14058
14060
14061
14062
14065
14067
14072
14074
14075
14077
14078
14081
14082
14084
14087
14091
14092
14093
14094
14095
14096
14098
14099
14100
14101
14102
14103
14105
14106
14107
14108
14109
14110
14111
14112
14113
14114
14115
14116
14117
14118
14119
14120
14121
14123
14124
14125
14126
14127
14128
14129
14130
14131
14133
14134
14135
14137
14138
14139
14141
14142
14143
14144
14145
14146
14147
14148
14149
14150
14152
14153
14154
14155
14157
14158
14160
14161
14162
14163
14164
14167
14169
14170
14171
14172
14173
14175
14176
14177
14179
14180
14181
14183
14184
14186
14187
14188
14189
14190
14191
14192
14193
14195
14197
14199
14201
14202
14204
14205
14208
14210
14211
14213
14214
14215
14216
14218
14220
14221
14222
14223
14224
14225
14228
14231
14232
14233
14234
14236
14237
14238
14239
14241
14242
14243
14244
14246
14247
14248
14250
14252
14253
14254
14255
14256
14257
14259
14260
14263
14264
14266
14267
14269
14270
14271
14273
14274
14275
14276
14277
14278
14280
14282
14284
14285
14286
14287
14289
14290
14293
14294
14295
14296
14297
14298
14300
14302
14304
14305
14308
14309
14310
14312
14313
14315
14316
14317
14318
14319
14320
14321
14322
14323
14324
14325
14326
14327
14329
14330
14331
14332
14333
14334
14335
14336
14338
14339
14341
14342
14343
14344
14346
14348
14349
14350
14351
14352
14353
14354
14357
14358
14360
14361
14362
14363
14365
14366
14367
14369
14370
14371
14372
14373
14374
14376
14377
14379
14381
14383
14385
14386
14387
14388
14389
14390
14391
14392
14393
14394
14395
14396
14398
14400
14402
14403
14404
14405
14408
14409
14410
14411
14412
14414
14415
14416
14418
14419
14420
14421
14423
14424
14425
14427
14428
14429
14430
14432
14434
14436
14437
14438
14439
14440
14442
14443
14445
14446
14447
14448
14450
14451
14453
14455
14456
14457
14458
14459
14460
14461
14462
14464
14465
14466
14467
14468
14469
14470
14471
14472
14473
14475
14477
14479
14480
14481
14482
14483
14484
14485
14486
14487
14488
14489
14491
14493
14494
14495
14496
14498
14499
14500
14501
14502
14503
14504
14505
14506
14507
14509
14510
14511
14513
14514
14515
14516
14517
14518
14519
14520
14522
14523
14524
14525
14527
14528
14529
14530
14531
14532
14533
14534
14535
14536
14537
14539
14540
14542
14543
14544
14545
14546
14548
14549
14550
14551
14552
14553
14555
14557
14559
14560
14561
14563
14564
14565
14566
14568
14569
14570
14571
14573
14574
14575
14576
14577
14578
14580
14582
14583
14584
14586
14587
14588
14589
14591
14592
14593
14594
14595
14596
14598
14600
14601
14602
14603
14604
14605
14607
14609
14610
14611
14613
14614
14615
14616
14618
14619
14620
14621
14622
14623
14625
14627
14628
14629
14631
14632
14633
14634
14636
14637
14638
14640
14641
14643
14644
14646
14647
14649
14651
14652
14653
14654
14655
14656
14657
14658
14659
14660
14661
14664
14665
14666
14667
14669
14671
14673
14675
14676
14677
14679
14680
14681
14682
14683
14684
14685
14686
14688
14689
14690
14691
14694
14695
14696
14697
14699
14700
14701
14703
14704
14705
14706
14707
14708
14710
14711
14712
14713
14716
14719
14720
14722
14723
14724
14727
14730
14731
14732
14733
14734
14735
14737
14738
14739
14740
14742
14745
14746
14747
14749
14751
14752
14753
14755
14756
14757
14758
14759
14761
14763
14766
14767
14769
14771
14772
14773
14774
14775
14777
14779
14780
14782
14784
14785
14786
14787
14788
14789
14790
14791
14794
14796
14797
14798
14799
14801
14802
14803
14804
14807
14809
14811
14815
14817
14818
14819
14820
14821
14822
14823
14824
14825
14826
14828
14829
14830
14831
14833
14834
14835
14836
14838
14839
14840
14841
14843
14844
14845
14847
14848
14850
14852
14854
14855
14856
14858
14859
14860
14861
14862
14863
14864
14865
14866
14867
14868
14869
14870
14871
14872
14874
14875
14876
14877
14878
14879
14881
14882
14883
14885
14886
14887
14888
14889
14891
14892
14893
14895
14896
14898
14899
14900
14902
14903
14904
14905
14906
14908
14909
14910
14911
14913
14915
14916
14918
14919
14920
14922
14925
14926
14927
14929
14930
14932
14933
14935
14936
14937
14938
14940
14941
14943
14944
14945
14947
14948
14950
14951
14952
14954
14955
14956
14958
14959
14960
14962
14963
14964
14965
14967
14968
14969
14970
14972
14973
14974
14975
14978
14979
14981
14983
14984
14985
14986
14987
14988
14989
14990
14991
14993
14994
14995
14997
14999
15000
15001
15003
15004
15005
15008
15010
15011
15012
15013
15014
15015
15016
15019
15020
15021
15022
15023
15026
15027
15028
15029
15032
15033
15034
15036
15037
15038
15039
15041
15043
15044
15045
15046
15049
15050
15052
15053
15055
15056
15058
15059
15061
15062
15064
15065
15066
15067
15069
15071
15072
15073
15076
15077
15078
15080
15081
15083
15084
15085
15087
15090
15091
15092
15094
15096
15098
15099
15100
15101
15102
15104
15105
15108
15109
15110
15112
15114
15116
15118
15119
15121
15122
15123
15125
15126
15127
15130
15132
15134
15135
15137
15138
15139
15140
15141
15142
15143
15145
15146
15147
15149
15150
15153
15154
15155
15156
15157
15158
15159
15160
15161
15162
15163
15165
15166
15167
15169
15170
15171
15173
15174
15175
15176
15178
15179
15180
15183
632438
632439
632440
632441
632442
632443
632444
632445
632446
632447
632448
632449
632450
632451
632452
632453
632454
632455
632456
632457
632458
632459
632460
632461
632462
632463
632464
632465
632466
632467
632468
632469
632470
632471
632472
632473
632474
632475
632476
632477
632478
632479
632480
632481
632482
632483
632484
632485
632486
632487
632488
632489
632490
632491
632492
632493
632494
632495
632496
632497
632498
632499
632500
632501
632502
632503
632504
632505
632506
632507
632508
632509
632510
632511
632512
632513
632514
632515
632516
632517
632518
632519
632520
632521
632522
632523
632524
632525
632526
632527
632528
632529
632530
632531
632532
632533
632534
632535
632536
632537
632538
632539
632540
632541
632542
632543
632544
632545
632546
632547
632548
632549
632550
632551
632552
632553
632554
632555
632556
632557
632558
632559
632560
632561
632562
632563
632564
632565
632566
632567
632568
632569
632570
632571
632572
632573
632574
632575
632576
632577
632578
632579
632580
632581
632582
632583
632584
632585
632586
632587
632588
632589
632590
632591
632592
632593
632594
632595
632596
632597
632598
632599
632600
632601
632602
632603
632604
632605
632606
632607
632608
632609
632610
632611
632612
632613
632614
632615
632616
632617
632618
632619
632620
632621
632622
632623
632624
632625
632626
632627
632628
632629
632630
632631
632632
632633
632634
632635
632636
632637
632638
632639
632640
632641
632642
632643
632644
632645
632646
632647
632648
632649
632650
632651
632652
632653
632654
632655
632656
632657
632658
632659
632660
632661
632662
632663
632664
632665
632666
632667
632668
632669
632670
632671
632672
632673
632674
632675
632676
632677
632678
632679
632680
632681
632682
632683
632684
632685
632686
632687
632688
632689
632690
632691
632692
632693
632694
632695
632696
632697
632698
632699
632700
632701
632702
632703
632704
632705
632706
632707
632708
632709
632710
632711
632712
632713
632714
632715
632716
632717
632718
632719
632720
632721
632722
632723
632724
632725
632726
632727
632728
632729
632730
632731
632732
632733
632734
632735
632736
632737
632738
632739
632740
632741
632742
632743
632744
632745
632746
632747
632748
632749
632750
632751
632752
632753
632754
632755
632756
632757
632758
632759
632760
632761
632762
632763
632764
632765
632766
632767
632768
632769
632770
632771
632772
632773
632774
632775
632776
632777
632778
632779
632780
632781
632782
632783
632784
632785
632786
632787
632788
632789
632790
632791
632792
632793
632794
632795
632796
632797
632798
632799
632800
632801
632802
632803
632804
632805
632806
632807
632808
632809
632810
632811
632812
632813
632814
632815
632816
632817
632818
632819
632820
632821
632822
632823
632824
632825
632826
632827
632828
632829
632830
632831
632832
632833
632834
632835
632836
632837
632838
632839
632840
632841
632842
632843
632844
632845
632846
632847
632848
632849
632850
632851
632852
632853
632854
632855
632856
632857
632858
632859
632860
632861
632862
632863
632864
632865
632866
632867
632868
632869
632870
632871
632872
632873
632874
632875
632876
632877
632878
632879
632880
632881
632882
632883
632884
632885
632886
632887
632888
632889
632890
632891
632892
632893
632894
632895
632896
632897
632898
632899
632900
632901
632902
632903
632904
632905
632906
632907
632908
632909
632910
632911
632912
632913
632914
632915
632916
632917
632918
632919
632920
632921
632922
632923
632924
632925
632926
632927
632928
632929
632930
632931
632932
632933
632934
632935
632936
632937
632938
632939
632940
632941
632942
632943
632944
632945
632946
632947
632948
632949
632950
632951
632952
632953
632954
632955
632956
632957
632958
632959
632960
632961
632962
632963
632964
632965
632966
632967
632968
632969
632970
632971
632972
632973
632974
632975
632976
632977
632978
632979
632980
632981
632982
632983
632984
632985
632986
632987
632988
632989
632990
632991
632992
632993
632994
632995
632996
632997
632998
632999
633000
633001
633002
633003
633004
633005
633006
633007
633008
633009
633010
633011
633012
633013
633014
633015
633016
633017
633018
633019
633020
633021
633022
633023
633024
633025
633026
633027
633028
633029
633030
633031
633032
633033
633034
633035
633036
633037
633038
633039
633040
633041
633042
633043
633044
633045
633046
633047
633048
633049
633050
633051
633052
633053
633054
633055
633056
633057
633058
633059
633060
633061
633062
633063
633064
633065
633066
633067
633068
633069
633070
633071
633072
633073
633074
633075
633076
633077
633078
633079
633080
633081
633082
633083
633084
633085
633086
633087
633088
633089
633090
633091
633092
633093
633094
633095
633096
633097
633098
633099
633100
633101
633102
633103
633104
633105
633106
633107
633108
633109
633110
633111
633112
633113
633114
633115
633116
633117
633118
633119
633120
633121
633122
633123
633124
633125
633126
633127
633128
633129
633130
633131
633132
633133
633134
633135
633136
633137
633138
633139
633140
633141
633142
633143
633144
633145
633146
633147
633148
633149
633150
633151
633152
633153
633154
633155
633156
633157
633158
633159
633160
633161
633162
633163
633164
633165
633166
633167
633168
633169
633170
633171
633172
633173
633174
633175
633176
633177
633178
633179
633180
633181
633182
633183
633184
633185
633186
633187
633188
633189
633190
633191
633192
633193
633194
633195
633196
633197
633198
633199
633200
633201
633202
633203
633204
633205
633206
633207
633208
633209
633210
633211
633212
633213
633214
633215
633216
633217
633218
633219
633220
633221
633222
633223
633224
633225
633226
633227
633228
633229
633230
633231
633232
633233
633234
633235
633236
633237
633238
633239
633240
633241
633242
633243
633244
633245
633246
633247
633248
633249
633250
633251
633252
633253
633254
633255
633256
633257
633258
633259
633260
633261
633262
633263
633264
633265
633266
633267
633268
633269
633270
633271
633272
633273
633274
633275
633276
633277
633278
633279
633280
633281
633282
633283
633284
633285
633286
633287
633288
633289
633290
633291
633292
633293
633294
633295
633296
633297
633298
633299
633300
633301
633302
633303
633304
633305
633306
633307
633308
633309
633310
633311
633312
633313
633314
633315
633316
633317
633318
633319
633320
633321
633322
633323
633324
633325
633326
633327
633328
633329
633330
633331
633332
633333
633334
633335
633336
633337
633338
633339
633340
633341
633342
633343
633344
633345
633346
633347
633348
633349
633350
633351
633352
633353
633354
633355
633356
633357
633358
633359
633360
633361
633362
633363
633364
633365
633366
633367
633368
633369
633370
633371
633372
633373
633374
633375
633376
633377
633378
633379
633380
633381
633382
633383
633384
633385
633386
633387
633388
633389
633390
633391
633392
633393
633394
633395
633396
633397
633398
633399
633400
633401
633402
633403
633404
633405
633406
633407
633408
633409
633410
633411
633412
633413
633414
633415
633416
633417
633418
633419
633420
633421
633422
633423
633424
633425
633426
633427
633428
633429
633430
633431
633432
633433
633434
633435
633436
633437
633438
633439
633440
633441
633442
633443
633444
633445
633446
633447
633448
633449
633450
633451
633452
633453
633454
633455
633456
633457
633458
633459
633460
633461
633462
633463
633464
633465
633466
633467
633468
633469
633470
633471
633472
633473
633474
633475
633476
633477
633478
633479
633480
633481
633482
633483
633484
633485
633486
633487
633488
633489
633490
633491
633492
633493
633494
633495
633496
633497
633498
633499
633500
633501
633502
633503
633504
633505
633506
633507
633508
633509
633510
633511
633512
633513
633514
633515
633516
633517
633518
633519
633520
633521
633522
633523
633524
633525
633526
633527
633528
633529
633530
633531
633532
633533
633534
633535
633536
633537
633538
633539
633540
633541
633542
633543
633544
633545
633546
633547
633548
633549
633550
633551
633552
633553
633554
633555
633556
633557
633558
633559
633560
633561
633562
633563
633564
633565
633566
633567
633568
633569
633570
633571
633572
633573
633574
633575
633576
633577
633578
633579
633580
633581
633582
633583
633584
633585
633586
633587
633588
633589
633590
633591
633592
633593
633594
633595
633596
633597
633598
633599
633600
633601
633602
633603
633604
633605
633606
633607
633608
633609
633610
633611
633612
633613
633614
633615
633616
633617
633618
633619
633620
633621
633622
633623
633624
633625
633626
633627
633628
633629
633630
633631
633632
633633
633634
633635
633636
633637
633638
633639
633640
633641
633642
633643
633644
633645
633646
633647
633648
633649
633650
633651
633652
633653
633654
633655
633656
633657
633658
633659
633660
633661
633662
633663
633664
633665
633666
633667
633668
633669
633670
633671
633672
633673
633674
633675
633676
633677
633678
633679
633680
633681
633682
633683
633684
633685
633686
633687
633688
633689
633690
633691
633692
633693
633694
633695
633696
633697
633698
633699
633700
633701
633702
633703
633704
633705
633706
633707
633708
633709
633710
633711
633712
633713
633714
633715
633716
633717
633718
633719
633720
633721
633722
633723
633724
633725
633726
633727
633728
633729
633730
633731
633732
633733
633734
633735
633736
633737
633738
633739
633740
633741
633742
633743
633744
633745
633746
633747
633748
633749
633750
633751
633752
633753
633754
633755
633756
633757
633758
633759
633760
633761
633762
633763
633764
633765
633766
633767
633768
633769
633770
633771
633772
633773
633774
633775
633776
633777
633778
633779
633780
633781
633782
633783
633784
633785
633786
633787
633788
633789
633790
633791
633792
633793
633794
633795
633796
633797
633798
633799
633800
633801
633802
633803
633804
633805
633806
633807
633808
633809
633810
633811
633812
633813
633814
633815
633816
633817
633818
633819
633820
633821
633822
633823
633824
633825
633826
633827
633828
633829
633830
633831
633832
633833
633834
633835
633836
633837
633838
633839
633840
633841
633842
633843
633844
633845
633846
633847
633848
633849
633850
633851
633852
633853
633854
633855
633856
633857
633858
633859
633860
633861
633862
633863
633864
633865
633866
633867
633868
633869
633870
633871
633872
633873
633874
633875
633876
633877
633878
633879
633880
633881
633882
633883
633884
633885
633886
633887
633888
633889
633890
633891
633892
633893
633894
633895
633896
633897
633898
633899
633900
633901
633902
633903
633904
633905
633906
633907
633908
633909
633910
633911
633912
633913
633914
633915
633916
633917
633918
633919
633920
633921
633922
633923
633924
633925
633926
633927
633928
633929
633930
633931
633932
633933
633934
633935
633936
633937
633938
633939
633940
633941
633942
633943
633944
633945
633946
633947
633948
633949
633950
633951
633952
633953
633954
633955
633956
633957
633958
633959
633960
633961
633962
633963
633964
633965
633966
633967
633968
633969
633970
633971
633972
633973
633974
633975
633976
633977
633978
633979
633980
633981
633982
633983
633984
633985
633986
633987
633988
633989
633990
633991
633992
633993
633994
633995
633996
633997
633998
633999
634000
634001
634002
634003
634004
634005
634006
634007
634008
634009
634010
634011
634012
634013
634014
634015
634016
634017
634018
634019
634020
634021
634022
634023
634024
634025
634026
634027
634028
634029
634030
634031
634032
634033
634034
634035
634036
634037
634038
634039
634040
634041
634042
634043
634044
634045
634046
634047
634048
634049
634050
634051
634052
634053
634054
634055
634056
634057
634058
634059
634060
634061
634062
634063
634064
634065
634066
634067
634068
634069
634070
634071
634072
634073
634074
634075
634076
634077
634078
634079
634080
634081
634082
634083
634084
634085
634086
634087
634088
634089
634090
634091
634092
634093
634094
634095
634096
634097
634098
634099
634100
634101
634102
634103
634104
634105
634106
634107
634108
634109
634110
634111
634112
634113
634114
634115
634116
634117
634118
634119
634120
634121
634122
634123
634124
634125
634126
634127
634128
634129
634130
634131
634132
634133
634134
634135
634136
634137
634138
634139
634140
634141
634142
634143
634144
634145
634146
634147
634148
634149
634150
634151
634152
634153
634154
634155
634156
634157
634158
634159
634160
634161
634162
634163
634164
634165
634166
634167
634168
634169
634170
634171
634172
634173
634174
634175
634176
634177
634178
634179
634180
634181
634182
634183
634184
634185
634186
634187
634188
634189
634190
634191
634192
634193
634194
634195
634196
634197
634198
634199
634200
634201
634202
634203
634204
634205
634206
634207
634208
634209
634210
634211
634212
634213
634214
634215
634216
634217
634218
634219
634220
634221
634222
634223
634224
634225
634226
634227
634228
634229
634230
634231
634232
634233
634234
634235
634236
634237
634238
634239
634240
634241
634242
634243
634244
634245
634246
634247
634248
634249
634250
634251
634252
634253
634254
634255
634256
634257
634258
634259
634260
634261
634262
634263
634264
634265
634266
634267
634268
634269
634270
634271
634272
634273
634274
634275
634276
634277
634278
634279
634280
634281
634282
634283
634284
634285
634286
634287
634288
634289
634290
634291
634292
634293
634294
634295
634296
634297
634298
634299
634300
634301
634302
634303
634304
634305
634306
634307
634308
634309
634310
634311
634312
634313
634314
634315
634316
634317
634318
634319
634320
634321
634322
634323
634324
634325
634326
634327
634328
634329
634330
634331
634332
634333
634334
634335
634336
634337
634338
634339
634340
634341
634342
634343
634344
634345
634346
634347
634348
634349
634350
634351
634352
634353
634354
634355
634356
634357
634358
634359
634360
634361
634362
634363
634364
634365
634366
634367
634368
634369
634370
634371
634372
634373
634374
634375
634376
634377
634378
634379
634380
634381
634382
634383
634384
634385
634386
634387
634388
634389
634390
634391
634392
634393
634394
634395
634396
634397
634398
634399
634400
634401
634402
634403
634404
634405
634406
634407
634408
634409
634410
634411
634412
634413
634414
634415
634416
634417
634418
634419
634420
634421
634422
634423
634424
634425
634426
634427
634428
634429
634430
634431
634432
634433
634434
634435
634436
634437
634438
634439
634440
634441
634442
634443
634444
634445
634446
634447
634448
634449
634450
634451
634452
634453
634454
634455
634456
634457
634458
634459
634460
634461
634462
634463
634464
634465
634466
634467
634468
634469
634470
634471
634472
634473
634474
634475
634476
634477
634478
634479
634480
634481
634482
634483
634484
634485
634486
634487
634488
634489
634490
634491
634492
634493
634494
634495
634496
634497
634498
634499
634500
634501
634502
634503
634504
634505
634506
634507
634508
634509
634510
634511
634512
634513
634514
634515
634516
634517
634518
634519
634520
634521
634522
634523
634524
634525
634526
634527
634528
634529
634530
634531
634532
634533
634534
634535
634536
634537
634538
634539
634540
634541
634542
634543
634544
634545
634546
634547
634548
634549
634550
634551
634552
634553
634554
634555
634556
634557
634558
634559
634560
634561
634562
634563
634564
634565
634566
634567
634568
634569
634570
634571
634572
634573
634574
634575
634576
634577
634578
634579
634580
634581
634582
634583
634584
634585
634586
634587
634588
634589
634590
634591
634592
634593
634594
634595
634596
634597
634598
634599
634600
634601
634602
634603
634604
634605
634606
634607
634608
634609
634610
634611
634612
634613
634614
634615
634616
634617
634618
634619
634620
634621
634622
634623
634624
634625
634626
634627
634628
634629
634630
634631
634632
634633
634634
634635
634636
634637
634638
634639
634640
634641
634642
634643
634644
634645
634646
634647
634648
634649
634650
634651
634652
634653
634654
634655
634656
634657
634658
634659
634660
634661
634662
634663
634664
634665
634666
634667
634668
634669
634670
634671
634672
634673
634674
634675
634676
634677
634678
634679
634680
634681
634682
634683
634684
634685
634686
634687
634688
634689
634690
634691
634692
634693
634694
634695
634696
634697
634698
634699
634700
634701
634702
634703
634704
634705
634706
634707
634708
634709
634710
634711
634712
634713
634714
634715
634716
634717
634718
634719
634720
634721
634722
634723
634724
634725
634726
634727
634728
634729
634730
634731
634732
634733
634734
634735
634736
634737
634738
634739
634740
634741
634742
634743
634744
634745
634746
634747
634748
634749
634750
634751
634752
634753
634754
634755
634756
634757
634758
634759
634760
634761
634762
634763
634764
634765
634766
634767
634768
634769
634770
634771
634772
634773
634774
634775
634776
634777
634778
634779
634780
634781
634782
634783
634784
634785
634786
634787
634788
634789
634790
634791
634792
634793
634794
634795
634796
634797
634798
634799
634800
634801
634802
634803
634804
634805
634806
634807
634808
634809
634810
634811
634812
634813
634814
634815
634816
634817
634818
634819
634820
634821
634822
634823
634824
634825
634826
634827
634828
634829
634830
634831
634832
634833
634834
634835
634836
634837
634838
634839
634840
634841
634842
634843
634844
634845
634846
634847
634848
634849
634850
634851
634852
634853
634854
634855
634856
634857
634858
634859
634860
634861
634862
634863
634864
634865
634866
634867
634868
634869
634870
634871
634872
634873
634874
634875
634876
634877
634878
634879
634880
634881
634882
634883
634884
634885
634886
634887
634888
634889
634890
634891
634892
634893
634894
634895
634896
634897
634898
634899
634900
634901
634902
634903
46
508
617
698
702
706
710
730
734
741
745
765
769
777
781
861
892
896
1106
1110
1153
1197
1273
1280
1284
1288
1292
1324
1357
1361
1364
1367
1381
1393
1401
1422
1508
1567
1588
1592
1595
1609
1613
1716
1891
2098
2287
2291
2383
2406
2409
2480
2483
2803
2869
3072
3410
3818
3924
3927
4330
4336
4764
4768
4798
4927
4940
4945
4972
5149
5327
5331
5344
5351
5373
5376
5589
5618
5841
5849
6002
6206
6261
6275
6348
6401
6429
6437
6440
6481
6507
6540
6544
6613
6748
6881
6889
6918
6982
6986
7036
7062
7066
7163
7175
7230
7248
7277
7280
7296
7310
7314
7324
7327
7348
7474
7482
7519
7527
7531
7538
7548
7555
7660
7729
7782
7808
7810
7925
7928
7955
7984
7996
7999
8004
8016
8058
8062
8067
8069
8077
8103
8107
8266
8350
8375
8434
8438
8455
8458
8462
8578
8644
8651
8660
8663
8680
8685
8687
8692
8715
8738
8742
8752
8766
8769
8772
8774
8780
8793
8795
8799
8830
8832
8848
8853
8878
8882
8892
8957
8989
9022
9024
9028
9099
9101
9104
9132
9187
9190
9200
9203
9210
9222
9224
9230
9239
9246
9259
9267
9279
9324
9346
9352
9370
9380
9392
9396
9412
9425
9428
9436
9449
9474
9504
9514
9517
9530
9580
9602
9638
9672
9689
9698
9701
9718
9724
9762
9780
9784
9787
9796
9798
9802
9805
9814
9843
9869
9873
9877
9880
9887
9904
9915
9919
9922
9924
9936
9938
9944
9950
9953
9955
9957
9984
9998
10025
10045
10139
10151
10176
10201
10209
10226
10261
10326
10347
10354
10359
10374
10376
10416
10426
10431
10436
10438
10449
10458
10463
10474
10489
10506
10523
10533
10558
10572
10578
10592
10601
10605
10626
10630
10642
10644
10650
10669
10681
10704
10708
10711
10723
10735
10744
10775
10786
10789
10800
10826
10839
10854
10858
10875
10882
10920
10935
10972
10977
11007
11025
11032
11051
11060
11090
11104
11106
11167
11185
11189
11200
11202
11212
11219
11230
11251
11255
11264
11269
11273
11275
11287
11334
11356
11456
11482
11497
11510
11513
11517
11552
11599
11607
11613
11635
11639
11686
11727
11728
11762
11765
11778
11782
11785
11830
11868
11889
11919
11923
11948
11954
11964
11974
12061
12066
12071
12116
12122
12149
12155
12159
12173
12177
12181
12184
12188
12196
12211
12213
12235
12238
12241
12257
12260
12264
12267
12272
12274
12281
12300
12316
12330
12375
12376
12404
12421
12434
12437
12439
12513
12529
12533
12546
12551
12558
12566
12571
12589
12610
12655
12657
12664
12667
12694
12709
12713
12717
12721
12737
12739
12743
12776
12783
12786
12789
12869
12876
12881
12889
12891
12892
12898
12906
12925
12935
12942
12949
12962
12985
12989
13000
13004
13091
13096
13099
13104
13125
13145
13187
13238
13412
13431
13451
13520
13522
13636
13639
13673
13714
13717
13720
13723
13740
13743
13746
13749
13768
13778
13848
13864
13894
13918
13962
14068
14073
14151
14156
14235
14240
14245
14261
14288
14307
14345
14380
14417
14444
14492
14526
14547
14554
14556
14562
14567
14572
14579
14581
14585
14590
14597
14599
14606
14608
14612
14617
14624
14626
14630
14635
14674
14687
14698
14702
14709
14721
14736
14741
14754
14800
14806
14812
14827
14849
14851
14853
14857
14884
14917
14921
14980
14982
14992
14998
15002
15006
15007
15009
15017
15018
15024
15025
15030
15031
15035
15040
15042
15047
15048
15051
15054
15089
15095
15106
15128
15129
15148
15152
15181
4
79
119
125
192
219
251
258
274
277
285
289
297
301
331
343
368
372
382
389
393
396
400
408
427
463
480
484
487
491
497
529
539
543
579
584
590
601
610
613
623
627
631
641
669
678
682
717
724
773
811
813
825
829
832
868
874
878
888
900
914
942
955
962
969
973
976
993
1000
1003
1012
1023
1036
1040
1049
1053
1057
1098
1119
1127
1131
1141
1159
1162
1166
1203
1231
1248
1302
1328
1339
1342
1353
1387
1396
1413
1419
1428
1440
1447
1482
1493
1522
1540
1581
1599
1642
1649
1656
1660
1664
1668
1672
1680
1693
1712
1720
1726
1734
1738
1744
1748
1774
1778
1782
1795
1801
1813
1823
1830
1834
1841
1843
1851
1855
1859
1863
1876
1882
1894
1919
1931
1934
1937
1947
1953
1974
2000
2007
2018
2027
2040
2058
2075
2078
2104
2108
2112
2115
2129
2133
2150
2174
2189
2191
2195
2213
2217
2226
2233
2240
2261
2270
2281
2298
2302
2306
2309
2328
2342
2356
2360
2370
2373
2377
2426
2444
2450
2453
2461
2494
2509
2515
2522
2541
2567
2578
2585
2590
2593
2600
2608
2623
2638
2641
2665
2675
2692
2695
2700
2704
2732
2738
2780
2788
2794
2800
2814
2816
2825
2834
2847
2852
2860
2863
2881
2896
2903
2922
2928
2952
2960
2963
2965
2983
3054
3068
3082
3120
3150
3162
3165
3168
3182
3185
3198
3201
3208
3212
3218
3235
3252
3258
3271
3278
3291
3295
3300
3304
3308
3315
3325
3327
3329
3335
3338
3362
3380
3384
3388
3403
3407
3417
3421
3431
3436
3445
3474
3477
3482
3485
3487
3493
3502
3512
3517
3545
3550
3555
3615
3619
3630
3634
3637
3640
3647
3695
3709
3716
3719
3723
3729
3733
3744
3749
3760
3773
3787
3794
3799
3829
3832
3836
3855
3867
3877
3882
3890
3899
3918
3949
3977
3984
3988
4005
4009
4021
4031
4035
4054
4060
4061
4064
4069
4077
4080
4083
4100
4102
4107
4111
4129
4133
4150
4160
4172
4180
4188
4195
4206
4208
4221
4233
4266
4275
4281
4286
4292
4297
4307
4316
4347
4350
4360
4365
4370
4397
4415
4419
4422
4498
4502
4520
4527
4541
4559
4585
4606
4621
4624
4630
4633
4643
4646
4660
4673
4681
4685
4724
4731
4734
4742
4760
4786
4799
4802
4850
4886
4917
4941
4953
4984
4987
5004
5007
5029
5033
5038
5064
5070
5080
5092
5100
5108
5118
5122
5129
5135
5139
5157
5165
5173
5202
5205
5220
5246
5262
5286
5287
5290
5300
5313
5315
5320
5357
5360
5364
5386
5389
5406
5423
5429
5437
5446
5465
5475
5476
5479
5500
5504
5508
5516
5529
5534
5537
5538
5547
5559
5566
5576
5582
5583
5593
5606
5629
5645
5646
5653
5677
5678
5684
5690
5705
5709
5715
5723
5727
5739
5746
5756
5758
5771
5789
5795
5798
5809
5837
5853
5863
5866
5883
5892
5897
5900
5920
5928
5949
5966
5977
5978
5984
5990
5995
5998
6005
6008
6029
6040
6045
6056
6060
6069
6070
6077
6084
6095
6104
6111
6113
6128
6134
6141
6145
6154
6191
6196
6209
6214
6225
6228
6236
6252
6258
6271
6281
6300
6314
6336
6340
6342
6352
6372
6376
6384
6391
6411
6413
6416
6418
6421
6486
6493
6512
6522
6531
6546
6551
6553
6558
6581
6595
6598
6609
6639
6644
6648
6655
6660
6663
6669
6672
6680
6700
6705
6707
6736
6760
6766
6776
6780
6787
6792
6800
6803
6809
6811
6813
6830
6837
6873
6893
6908
6923
6940
6947
6966
6974
6977
6980
6999
7020
7028
7041
7055
7072
7086
7092
7097
7101
7106
7111
7117
7119
7121
7124
7126
7134
7136
7139
7143
7172
7198
7203
7215
7232
7241
7245
7262
7271
7274
7282
7290
7298
7302
7305
7307
7342
7353
7381
7395
7402
7409
7419
7449
7453
7457
7464
7467
7470
7476
7486
7499
7503
7508
7509
7545
7552
7565
7567
7568
7595
7601
7604
7611
7619
7623
7638
7641
7651
7655
7681
7683
7686
7695
7702
7714
7724
7725
7732
7735
7739
7742
7751
7754
7768
7775
7776
7780
7803
7806
7819
7820
7829
7834
7882
7890
7892
7898
7899
7906
7911
7921
7933
7944
7949
7958
7963
7973
7980
7988
7993
8018
8025
8028
8038
8041
8042
8065
8071
8082
8084
8095
8108
8112
8115
8125
8129
8130
8134
8147
8151
8156
8159
8185
8191
8197
8200
8205
8206
8212
8230
8233
8240
8243
8255
8258
8260
8276
8281
8287
8289
8297
8298
8303
8317
8322
8329
8334
8340
8342
8360
8365
8371
8385
8386
8392
8396
8407
8416
8421
8451
8468
8469
8473
8491
8495
8522
8525
8535
8541
8546
8552
8557
8558
8563
8567
8590
8595
8600
8619
8665
8668
8670
8700
8724
8725
8728
8732
8743
8749
8801
8804
8817
8835
8845
8851
8867
8900
8901
8908
8916
8920
8922
8927
8931
8938
8943
8947
8949
8960
8964
8971
8998
9001
9012
9014
9016
9018
9020
9030
9033
9035
9045
9057
9061
9066
9073
9085
9093
9096
9111
9114
9116
9121
9135
9146
9148
9151
9170
9171
9181
9183
9195
9197
9207
9233
9249
9255
9257
9263
9274
9282
9286
9295
9304
9319
9330
9334
9341
9377
9382
9400
9408
9416
9443
9447
9456
9467
9471
9481
9483
9484
9502
9509
9519
9521
9525
9532
9535
9540
9543
9550
9556
9585
9610
9611
9613
9614
9619
9624
9628
9631
9642
9658
9665
9675
9681
9684
9690
9692
9708
9714
9728
9731
9737
9740
9744
9758
9773
9776
9792
9811
9817
9822
9828
9829
9832
9836
9839
9847
9851
9856
9862
9902
9908
9911
9926
9929
9940
9965
9971
9977
9992
10001
10005
10008
10009
10014
10015
10032
10034
10038
10039
10041
10051
10059
10063
10070
10073
10076
10077
10078
10087
10089
10091
10095
10099
10109
10116
10118
10121
10127
10133
10143
10145
10156
10159
10174
10180
10184
10194
10198
10203
10206
10219
10240
10243
10244
10249
10258
10265
10275
10279
10299
10304
10305
10322
10332
10333
10334
10341
10350
10351
10355
10365
10378
10382
10386
10389
10393
10397
10398
10402
10405
10429
10433
10445
10452
10454
10461
10467
10478
10480
10484
10496
10509
10515
10538
10540
10544
10548
10555
10563
10569
10579
10583
10607
10618
10623
10627
10635
10654
10657
10659
10666
10679
10688
10691
10693
10694
10697
10700
10709
10716
10719
10725
10730
10739
10747
10754
10794
10802
10817
10819
10828
10836
10841
10851
10865
10871
10880
10885
10893
10898
10902
10914
10916
10939
10942
10946
10954
10963
10974
10980
10987
10989
10990
10993
11002
11005
11021
11030
11041
11052
11070
11100
11107
11112
11119
11130
11131
11147
11154
11168
11174
11177
11191
11193
11213
11223
11235
11237
11242
11246
11266
11270
11277
11284
11290
11293
11296
11301
11308
11319
11324
11330
11338
11340
11341
11353
11360
11368
11378
11382
11385
11397
11399
11412
11416
11422
11425
11429
11433
11444
11454
11461
11468
11477
11494
11504
11507
11523
11526
11528
11531
11535
11543
11546
11549
11556
11562
11565
11572
11573
11578
11579
11582
11589
11590
11591
11595
11597
11601
11610
11617
11629
11636
11646
11650
11654
11660
11668
11670
11672
11674
11679
11684
11692
11696
11698
11703
11707
11714
11719
11735
11736
11751
11771
11774
11786
11794
11809
11811
11831
11837
11840
11841
11845
11875
11881
11886
11895
11902
11911
11927
11928
11931
11937
11945
11952
11957
11967
11970
11983
11988
11989
11991
11993
11997
12000
12003
12007
12011
12019
12029
12032
12036
12048
12049
12055
12062
12068
12075
12077
12081
12088
12096
12106
12108
12112
12120
12133
12136
12146
12151
12178
12193
12197
12202
12204
12216
12224
12226
12242
12249
12252
12254
12277
12278
12284
12286
12294
12297
12311
12314
12335
12344
12355
12360
12366
12368
12380
12382
12399
12400
12415
12416
12426
12440
12445
12456
12459
12461
12465
12471
12476
12477
12482
12490
12492
12497
12507
12524
12527
12535
12539
12544
12555
12559
12563
12574
12578
12581
12592
12596
12597
12601
12605
12607
12608
12621
12624
12626
12632
12635
12636
12637
12651
12660
12671
12673
12686
12689
12697
12722
12730
12735
12747
12749
12760
12768
12772
12774
12792
12811
12812
12814
12825
12831
12844
12852
12854
12856
12861
12866
12882
12884
12887
12896
12902
12911
12918
12920
12923
12930
12932
12944
12958
12959
12963
12968
12973
12979
12981
12992
12995
13007
13009
13012
13018
13020
13023
13026
13039
13040
13042
13045
13048
13049
13051
13053
13058
13067
13069
13074
13081
13086
13088
13093
13105
13107
13110
13111
13114
13117
13127
13128
13137
13138
13141
13143
13149
13153
13160
13180
13190
13200
13208
13210
13211
13213
13216
13220
13222
13225
13226
13227
13230
13236
13245
13247
13253
13254
13257
13268
13273
13289
13292
13296
13300
13304
13305
13306
13309
13312
13315
13323
13324
13327
13332
13334
13336
13339
13341
13344
13346
13349
13351
13357
13359
13369
13370
13383
13392
13393
13398
13400
13402
13408
13415
13417
13419
13427
13449
13460
13472
13484
13490
13497
13508
13514
13517
13525
13528
13546
13550
13554
13557
13571
13573
13592
13596
13599
13601
13604
13605
13611
13613
13616
13617
13621
13625
13629
13641
13643
13644
13654
13658
13664
13666
13674
13679
13686
13688
13724
13726
13727
13732
13733
13735
13750
13751
13759
13765
13771
13775
13776
13782
13786
13795
13797
13800
13803
13813
13816
13822
13824
13827
13828
13831
13836
13854
13857
13859
13860
13862
13865
13868
13870
13889
13901
13902
13906
13907
13911
13919
13923
13925
13932
13935
13938
13944
13948
13951
13953
13955
13968
13969
13971
13973
13980
13983
13984
13985
13991
13996
14003
14019
14024
14029
14033
14036
14038
14039
14043
14051
14052
14066
14069
14070
14071
14080
14083
14097
14122
14132
14136
14140
14159
14168
14174
14178
14182
14185
14206
14212
14219
14227
14230
14249
14258
14265
14268
14272
14279
14281
14283
14292
14299
14303
14314
14328
14347
14355
14356
14359
14364
14368
14375
14378
14382
14384
14397
14399
14401
14406
14407
14413
14426
14431
14433
14435
14441
14449
14452
14454
14463
14474
14476
14478
14490
14497
14508
14512
14521
14538
14541
14558
14639
14642
14648
14650
14662
14663
14668
14670
14678
14693
14718
14726
14728
14744
14748
14764
14768
14776
14792
14795
14814
14816
14837
14842
14846
14880
14894
14901
14907
14914
14923
14924
14928
14931
14934
14939
14942
14946
14949
14953
14957
14961
14966
14971
14976
14977
14996
15060
15063
15068
15070
15074
15075
15079
15082
15086
15088
15093
15097
15103
15107
15111
15115
15117
15120
15124
15131
15133
15136
15144
15151
15164
15168
15172
15177
15182
75
107
204
228
336
818
928
930
966
983
1008
1016
1019
1144
1190
1200
1210
1263
1349
1371
1377
1383
1398
1490
1511
1544
1572
1574
1616
1626
1689
1706
1764
1847
1903
1906
1928
1942
2043
2049
2062
2201
2223
2243
2294
2316
2332
2345
2375
2416
2505
2596
2604
2865
3010
3041
3059
3099
3176
3239
3332
3560
3571
3656
3921
4269
4557
4690
5061
5179
5515
6042
6185
6361
6779
7339
7436
7560
8216
8269
8899
8905
10283
10969
11097
11621
12014
12023
12431
13647
13657
13757
13792
13821
13883
13913
13937
13941
13959
13989
14000
14008
14012
14015
14017
14022
14026
14031
14042
14048
14054
14059
14063
14064
14076
14079
14085
14086
14088
14089
14090
14104
14165
14166
14194
14196
14198
14200
14203
14207
14209
14217
14226
14229
14251
14262
14291
14301
14306
14311
14337
14340
14422
14645
14672
14692
14714
14715
14717
14725
14729
14743
14750
14760
14762
14765
14770
14778
14781
14783
14793
14805
14808
14810
14813
14832
14873
14890
14897
14912
15057
15113
)


// ************************************************************************* //
