/*--------------------------------*- C++ -*----------------------------------*\
  =========                 |
  \\      /  F ield         | OpenFOAM: The Open Source CFD Toolbox
   \\    /   O peration     | Website:  https://openfoam.org
    \\  /    A nd           | Version:  13
     \\/     M anipulation  |
\*---------------------------------------------------------------------------*/
FoamFile
{
    format      ascii;
    class       vectorField;
    location    "constant/solid_shell/polyMesh";
    object      points;
}
// * * * * * * * * * * * * * * * * * * * * * * * * * * * * * * * * * * * * * //


2530
(
(0.05 0 0.065)
(0.05 0 0.445)
(0.04330127 -0.025 0.133)
(-0.04330127 -0.025 0.133)
(0.04330127 -0.025 0.143)
(-0.04330127 -0.025 0.143)
(-0.04330127 0.025 0.211)
(0.04330127 0.025 0.211)
(-0.04330127 0.025 0.221)
(0.04330127 0.025 0.221)
(0.04330127 -0.025 0.289)
(-0.04330127 -0.025 0.289)
(0.04330127 -0.025 0.299)
(-0.04330127 -0.025 0.299)
(-0.04330127 0.025 0.367)
(0.04330127 0.025 0.367)
(-0.04330127 0.025 0.377)
(0.04330127 0.025 0.377)
(0.05 -9.9653619e-16 0.133)
(0.05 -9.9120712e-16 0.143)
(0.05 9.9120712e-16 0.211)
(0.05 9.9298347e-16 0.221)
(0.05 -9.9653619e-16 0.289)
(0.05 -9.9120712e-16 0.299)
(0.05 9.9120712e-16 0.367)
(0.05 9.9298347e-16 0.377)
(0.055 0 0.03)
(0.055 0 0.47)
(0.02 -0.051234754 0.4)
(0.02 0.051234754 0.1)
(0.035 0 0.49828427)
(0.035 0 0.0017157288)
(0.02 -0.155 0.4)
(0.02 0.155 0.1)
(0.035 0 0.55)
(0.035 0 -0.05)
(0.015 -0.155 0.4)
(0.015 0.155 0.1)
(0.03 0 0.55)
(0.03 0 -0.05)
(0.015 -0.04769696 0.4)
(0.015 0.04769696 0.1)
(0.03 0 0.49828427)
(0.03 0 0.0017157288)
(0.05 0 0.47)
(0.05 0 0.03)
(0.05 0 0.055)
(0.05 0 0.455)
(0.04330127 0.025 0.065)
(0.025 0.04330127 0.065)
(-2.5228968e-16 0.05 0.065)
(-0.025 0.04330127 0.065)
(-0.04330127 0.025 0.065)
(-0.05 -2.8253475e-16 0.065)
(-0.04330127 -0.025 0.065)
(-0.025 -0.04330127 0.065)
(2.5726867e-16 -0.05 0.065)
(0.025 -0.04330127 0.065)
(0.04330127 -0.025 0.065)
(0.04330127 0.025 0.445)
(0.025 0.04330127 0.445)
(-2.5228968e-16 0.05 0.445)
(-0.025 0.04330127 0.445)
(-0.04330127 0.025 0.445)
(-0.05 -2.8253475e-16 0.445)
(-0.04330127 -0.025 0.445)
(-0.025 -0.04330127 0.445)
(2.5726867e-16 -0.05 0.445)
(0.025 -0.04330127 0.445)
(0.04330127 -0.025 0.445)
(0.048296291 -0.012940952 0.133)
(0.048296291 -0.012940952 0.143)
(-0.05 -1.7799096e-15 0.211)
(-0.04330127 -0.025 0.211)
(-0.025 -0.04330127 0.211)
(1.2789769e-15 -0.05 0.211)
(0.025 -0.04330127 0.211)
(0.04330127 -0.025 0.211)
(0.04330127 -0.025 0.221)
(0.025 -0.04330127 0.221)
(1.588063e-15 -0.05 0.221)
(-0.025 -0.04330127 0.221)
(-0.04330127 -0.025 0.221)
(-0.05 -2.0392577e-15 0.221)
(0.048296291 -0.012940952 0.289)
(0.048296291 -0.012940952 0.299)
(-0.05 -1.7799096e-15 0.367)
(-0.04330127 -0.025 0.367)
(-0.025 -0.04330127 0.367)
(1.2789769e-15 -0.05 0.367)
(0.025 -0.04330127 0.367)
(0.04330127 -0.025 0.367)
(0.04330127 -0.025 0.377)
(0.025 -0.04330127 0.377)
(1.588063e-15 -0.05 0.377)
(-0.025 -0.04330127 0.377)
(-0.04330127 -0.025 0.377)
(-0.05 -2.0392577e-15 0.377)
(0.048296291 0.012940952 0.377)
(0.048296291 0.012940952 0.367)
(-0.05 1.7834623e-15 0.299)
(-0.04330127 0.025 0.299)
(-0.025 0.04330127 0.299)
(1.2789769e-15 0.05 0.299)
(0.025 0.04330127 0.299)
(0.04330127 0.025 0.299)
(0.04330127 0.025 0.289)
(0.025 0.04330127 0.289)
(1.3677948e-15 0.05 0.289)
(-0.025 0.04330127 0.289)
(-0.04330127 0.025 0.289)
(-0.05 1.6413537e-15 0.289)
(0.048296291 0.012940952 0.221)
(0.048296291 0.012940952 0.211)
(-0.05 1.7834623e-15 0.143)
(-0.04330127 0.025 0.143)
(-0.025 0.04330127 0.143)
(1.2789769e-15 0.05 0.143)
(0.025 0.04330127 0.143)
(0.04330127 0.025 0.143)
(0.04330127 0.025 0.133)
(0.025 0.04330127 0.133)
(1.3677948e-15 0.05 0.133)
(-0.025 0.04330127 0.133)
(-0.04330127 0.025 0.133)
(-0.05 1.6413537e-15 0.133)
(0.055 0 0.047654966)
(0.055 0 0.071971927)
(0.055 0 0.099360861)
(0.055 0 0.1267498)
(0.055 0 0.15413873)
(0.055 0 0.18152766)
(0.055 0 0.2089166)
(0.055 0 0.23630553)
(0.055 0 0.26369447)
(0.055 0 0.2910834)
(0.055 0 0.31847234)
(0.055 0 0.34586127)
(0.055 0 0.3732502)
(0.055 0 0.40063914)
(0.055 0 0.42802807)
(0.055 0 0.45234503)
(0.052772114 0.015495291 0.47)
(0.046268944 0.029735245 0.47)
(0.03601734 0.041566227 0.47)
(0.022847826 0.05002976 0.47)
(0.0078273161 0.054440179 0.47)
(-0.0078273161 0.054440179 0.47)
(-0.022847826 0.05002976 0.47)
(-0.03601734 0.041566227 0.47)
(-0.046268944 0.029735245 0.47)
(-0.052772114 0.015495291 0.47)
(-0.055 -3.3521313e-16 0.47)
(-0.052772114 -0.015495291 0.47)
(-0.046268944 -0.029735245 0.47)
(-0.03601734 -0.041566227 0.47)
(-0.022847826 -0.05002976 0.47)
(-0.0078273161 -0.054440179 0.47)
(0.0078273161 -0.054440179 0.47)
(0.022847826 -0.05002976 0.47)
(0.03601734 -0.041566227 0.47)
(0.046268944 -0.029735245 0.47)
(0.052772114 -0.015495291 0.47)
(0.052772114 0.015495291 0.03)
(0.046268944 0.029735245 0.03)
(0.03601734 0.041566227 0.03)
(0.022847826 0.05002976 0.03)
(0.0078273161 0.054440179 0.03)
(-0.0078273161 0.054440179 0.03)
(-0.022847826 0.05002976 0.03)
(-0.03601734 0.041566227 0.03)
(-0.046268944 0.029735245 0.03)
(-0.052772114 0.015495291 0.03)
(-0.055 -3.3521313e-16 0.03)
(-0.052772114 -0.015495291 0.03)
(-0.046268944 -0.029735245 0.03)
(-0.03601734 -0.041566227 0.03)
(-0.022847826 -0.05002976 0.03)
(-0.0078273161 -0.054440179 0.03)
(0.0078273161 -0.054440179 0.03)
(0.022847826 -0.05002976 0.03)
(0.03601734 -0.041566227 0.03)
(0.046268944 -0.029735245 0.03)
(0.052772114 -0.015495291 0.03)
(0.017769749 -0.052050322 0.40917802)
(0.011325818 -0.05382124 0.41648411)
(0.0023469271 -0.054949904 0.41986182)
(-0.0069761568 -0.054555781 0.41874389)
(-0.014997102 -0.052915848 0.41323204)
(-0.019453004 -0.051444928 0.40464549)
(-0.019453004 -0.051444928 0.39535451)
(-0.014997102 -0.052915848 0.38676796)
(-0.0069761692 -0.054555779 0.38125612)
(0.002346927 -0.054949904 0.38013818)
(0.011325818 -0.05382124 0.38351589)
(0.017769749 -0.052050322 0.39082198)
(0.017769749 0.052050322 0.10917802)
(0.011325818 0.05382124 0.11648411)
(0.0023469271 0.054949904 0.11986182)
(-0.0069761568 0.054555781 0.11874389)
(-0.014997102 0.052915848 0.11323204)
(-0.019453004 0.051444928 0.10464549)
(-0.019453004 0.051444928 0.095354506)
(-0.014997102 0.052915848 0.086767958)
(-0.0069761692 0.054555779 0.081256119)
(0.002346927 0.054949904 0.080138179)
(0.011325818 0.05382124 0.083515891)
(0.017769749 0.052050322 0.090821982)
(0.052509799 0 0.48196708)
(0.045452603 0 0.49194746)
(0.03153391 -0.015185931 0.49828427)
(0.021822143 -0.027364102 0.49828427)
(0.0077882327 -0.034122477 0.49828427)
(-0.0077882327 -0.034122477 0.49828427)
(-0.021822143 -0.027364102 0.49828427)
(-0.03153391 -0.015185931 0.49828427)
(-0.035 4.1148595e-11 0.49828427)
(-0.03153391 0.015185931 0.49828427)
(-0.021822143 0.027364102 0.49828427)
(-0.0077882328 0.034122477 0.49828427)
(0.0077882326 0.034122477 0.49828427)
(0.021822143 0.027364102 0.49828427)
(0.03153391 0.015185931 0.49828427)
(0.052509799 0 0.018032922)
(0.045452603 0 0.0080525389)
(0.03153391 -0.015185931 0.0017157288)
(0.021822143 -0.027364102 0.0017157288)
(0.0077882327 -0.034122477 0.0017157288)
(-0.0077882327 -0.034122477 0.0017157288)
(-0.021822143 -0.027364102 0.0017157288)
(-0.03153391 -0.015185931 0.0017157288)
(-0.035 4.1148463e-11 0.0017157288)
(-0.03153391 0.015185931 0.0017157288)
(-0.021822143 0.027364102 0.0017157288)
(-0.0077882328 0.034122477 0.0017157288)
(0.0077882326 0.034122477 0.0017157288)
(0.021822143 0.027364102 0.0017157288)
(0.03153391 0.015185931 0.0017157288)
(0.02 -0.061541103 0.4)
(0.02 -0.071925425 0.4)
(0.02 -0.082309747 0.4)
(0.02 -0.092694068 0.4)
(0.02 -0.10307839 0.4)
(0.02 -0.11346271 0.4)
(0.02 -0.12384703 0.4)
(0.02 -0.13423136 0.4)
(0.02 -0.14461568 0.4)
(0.017320508 -0.155 0.41)
(0.01 -0.155 0.41732051)
(-1.0091587e-16 -0.155 0.42)
(-0.01 -0.155 0.41732051)
(-0.017320508 -0.155 0.41)
(-0.02 -0.155 0.4)
(-0.017320508 -0.155 0.39)
(-0.01 -0.155 0.38267949)
(1.0290747e-16 -0.155 0.38)
(0.01 -0.155 0.38267949)
(0.017320508 -0.155 0.39)
(0.02 0.061541103 0.1)
(0.02 0.071925425 0.1)
(0.02 0.082309747 0.1)
(0.02 0.092694069 0.1)
(0.02 0.10307839 0.1)
(0.02 0.11346271 0.1)
(0.02 0.12384703 0.1)
(0.02 0.13423136 0.1)
(0.02 0.14461568 0.1)
(0.017320508 0.155 0.11)
(0.01 0.155 0.11732051)
(-1.0091587e-16 0.155 0.12)
(-0.01 0.155 0.11732051)
(-0.017320508 0.155 0.11)
(-0.02 0.155 0.1)
(-0.017320508 0.155 0.09)
(-0.01 0.155 0.082679492)
(1.0290747e-16 0.155 0.08)
(0.01 0.155 0.082679492)
(0.017320508 0.155 0.09)
(0.035 0 0.5151189)
(0.035 0 0.53255945)
(0.030310889 0.0175 0.55)
(0.0175 0.030310889 0.55)
(-1.7660278e-16 0.035 0.55)
(-0.0175 0.030310889 0.55)
(-0.030310889 0.0175 0.55)
(-0.035 -1.9777433e-16 0.55)
(-0.030310889 -0.0175 0.55)
(-0.0175 -0.030310889 0.55)
(1.8008807e-16 -0.035 0.55)
(0.0175 -0.030310889 0.55)
(0.030310889 -0.0175 0.55)
(0.030310889 0.0175 -0.05)
(0.0175 0.030310889 -0.05)
(-1.7660278e-16 0.035 -0.05)
(-0.0175 0.030310889 -0.05)
(-0.030310889 0.0175 -0.05)
(-0.035 -1.9777433e-16 -0.05)
(-0.030310889 -0.0175 -0.05)
(-0.0175 -0.030310889 -0.05)
(1.8008807e-16 -0.035 -0.05)
(0.0175 -0.030310889 -0.05)
(0.030310889 -0.0175 -0.05)
(0.035 0 -0.032559448)
(0.035 0 -0.015118896)
(0.012990381 -0.155 0.4075)
(0.0075 -0.155 0.41299038)
(-7.5686904e-17 -0.155 0.415)
(-0.0075 -0.155 0.41299038)
(-0.012990381 -0.155 0.4075)
(-0.015 -0.155 0.4)
(-0.012990381 -0.155 0.3925)
(-0.0075 -0.155 0.38700962)
(7.7180602e-17 -0.155 0.385)
(0.0075 -0.155 0.38700962)
(0.012990381 -0.155 0.3925)
(0.012990381 0.155 0.1075)
(0.0075 0.155 0.11299038)
(-7.5686904e-17 0.155 0.115)
(-0.0075 0.155 0.11299038)
(-0.012990381 0.155 0.1075)
(-0.015 0.155 0.1)
(-0.012990381 0.155 0.0925)
(-0.0075 0.155 0.087009619)
(7.7180602e-17 0.155 0.085)
(0.0075 0.155 0.087009619)
(0.012990381 0.155 0.0925)
(0.025980762 0.015 0.55)
(0.015 0.025980762 0.55)
(-1.5137381e-16 0.03 0.55)
(-0.015 0.025980762 0.55)
(-0.025980762 0.015 0.55)
(-0.03 -1.6952085e-16 0.55)
(-0.025980762 -0.015 0.55)
(-0.015 -0.025980762 0.55)
(1.543612e-16 -0.03 0.55)
(0.015 -0.025980762 0.55)
(0.025980762 -0.015 0.55)
(0.025980762 0.015 -0.05)
(0.015 0.025980762 -0.05)
(-1.5137381e-16 0.03 -0.05)
(-0.015 0.025980762 -0.05)
(-0.025980762 0.015 -0.05)
(-0.03 -1.6952085e-16 -0.05)
(-0.025980762 -0.015 -0.05)
(-0.015 -0.025980762 -0.05)
(1.543612e-16 -0.03 -0.05)
(0.015 -0.025980762 -0.05)
(0.025980762 -0.015 -0.05)
(0.015 -0.14733363 0.4)
(0.015 -0.13966726 0.4)
(0.015 -0.13200089 0.4)
(0.015 -0.12433452 0.4)
(0.015 -0.11666815 0.4)
(0.015 -0.10900178 0.4)
(0.015 -0.10133541 0.4)
(0.015 -0.093669042 0.4)
(0.015 -0.086002673 0.4)
(0.015 -0.078336303 0.4)
(0.015 -0.070669933 0.4)
(0.015 -0.063003564 0.4)
(0.015 -0.055337194 0.4)
(0.013311333 -0.048195523 0.40691436)
(0.0085001135 -0.049272184 0.41235913)
(0.0017737048 -0.04996853 0.41489476)
(-0.0052568028 -0.049722892 0.4140487)
(-0.011239107 -0.048720452 0.40993391)
(-0.014581034 -0.047826702 0.40352043)
(-0.014581034 -0.047826702 0.39647957)
(-0.011239107 -0.048720452 0.39006609)
(-0.0052568027 -0.049722892 0.3859513)
(0.0017737047 -0.04996853 0.38510524)
(0.0085001134 -0.049272184 0.38764087)
(0.013311333 -0.048195523 0.39308564)
(0.015 0.055337194 0.1)
(0.015 0.063003564 0.1)
(0.015 0.070669933 0.1)
(0.015 0.078336303 0.1)
(0.015 0.086002673 0.1)
(0.015 0.093669042 0.1)
(0.015 0.10133541 0.1)
(0.015 0.10900178 0.1)
(0.015 0.11666815 0.1)
(0.015 0.12433452 0.1)
(0.015 0.13200089 0.1)
(0.015 0.13966726 0.1)
(0.015 0.14733363 0.1)
(0.013311333 0.048195523 0.10691436)
(0.0085001135 0.049272184 0.11235913)
(0.0017737048 0.04996853 0.11489476)
(-0.0052568028 0.049722892 0.1140487)
(-0.011239107 0.048720452 0.10993391)
(-0.014581034 0.047826702 0.10352043)
(-0.014581034 0.047826702 0.096479567)
(-0.011239107 0.048720452 0.090066094)
(-0.0052568027 0.049722892 0.085951298)
(0.0017737047 0.04996853 0.085105237)
(0.0085001134 0.049272184 0.087640871)
(0.013311333 0.048195523 0.093085638)
(0.03 0 0.53707107)
(0.03 0 0.52414214)
(0.03 0 0.5112132)
(0.025980763 -0.014999999 0.49828427)
(0.015000002 -0.025980761 0.49828427)
(3.4827865e-09 -0.03 0.49828427)
(-0.014999996 -0.025980764 0.49828427)
(-0.02598076 -0.015000003 0.49828427)
(-0.03 -4.8291719e-09 0.49828427)
(-0.025980765 0.014999995 0.49828427)
(-0.015000006 0.025980759 0.49828427)
(-7.1104247e-09 0.03 0.49828427)
(0.014999993 0.025980766 0.49828427)
(0.025980759 0.015000005 0.49828427)
(0.03 0 -0.037071068)
(0.03 0 -0.024142136)
(0.03 0 -0.011213203)
(0.025980763 -0.014999999 0.0017157288)
(0.015000002 -0.025980761 0.0017157288)
(3.4827863e-09 -0.03 0.0017157288)
(-0.014999996 -0.025980764 0.0017157288)
(-0.02598076 -0.015000003 0.0017157288)
(-0.03 -4.8291716e-09 0.0017157288)
(-0.025980765 0.014999995 0.0017157288)
(-0.015000006 0.025980759 0.0017157288)
(-7.1104245e-09 0.03 0.0017157288)
(0.014999993 0.025980766 0.0017157288)
(0.025980759 0.015000005 0.0017157288)
(0.047509799 0 0.48196708)
(0.040452603 0 0.49194746)
(0.047552826 0.01545085 0.47)
(0.04045085 0.029389263 0.47)
(0.029389263 0.04045085 0.47)
(0.01545085 0.047552826 0.47)
(-1.4126738e-16 0.05 0.47)
(-0.01545085 0.047552826 0.47)
(-0.029389263 0.04045085 0.47)
(-0.04045085 0.029389263 0.47)
(-0.047552826 0.01545085 0.47)
(-0.05 -3.0473921e-16 0.47)
(-0.047552826 -0.01545085 0.47)
(-0.04045085 -0.029389263 0.47)
(-0.029389263 -0.04045085 0.47)
(-0.01545085 -0.047552826 0.47)
(3.4608652e-16 -0.05 0.47)
(0.01545085 -0.047552826 0.47)
(0.029389263 -0.04045085 0.47)
(0.04045085 -0.029389263 0.47)
(0.047552826 -0.01545085 0.47)
(0.047509799 0 0.018032922)
(0.040452603 0 0.0080525389)
(0.047552826 0.01545085 0.03)
(0.04045085 0.029389263 0.03)
(0.029389263 0.04045085 0.03)
(0.01545085 0.047552826 0.03)
(-1.4126738e-16 0.05 0.03)
(-0.01545085 0.047552826 0.03)
(-0.029389263 0.04045085 0.03)
(-0.04045085 0.029389263 0.03)
(-0.047552826 0.01545085 0.03)
(-0.05 -3.0473921e-16 0.03)
(-0.047552826 -0.01545085 0.03)
(-0.04045085 -0.029389263 0.03)
(-0.029389263 -0.04045085 0.03)
(-0.01545085 -0.047552826 0.03)
(3.4608652e-16 -0.05 0.03)
(0.01545085 -0.047552826 0.03)
(0.029389263 -0.04045085 0.03)
(0.04045085 -0.029389263 0.03)
(0.047552826 -0.01545085 0.03)
(0.05 0 0.041148428)
(0.04330127 0.025 0.055)
(0.025 0.04330127 0.055)
(-2.5228968e-16 0.05 0.055)
(-0.025 0.04330127 0.055)
(-0.04330127 0.025 0.055)
(-0.05 -2.8253475e-16 0.055)
(-0.04330127 -0.025 0.055)
(-0.025 -0.04330127 0.055)
(2.5726867e-16 -0.05 0.055)
(0.025 -0.04330127 0.055)
(0.04330127 -0.025 0.055)
(0.05 0 0.06)
(0.05 0 0.087666667)
(0.05 0 0.11033333)
(0.05 0 0.16566667)
(0.05 0 0.18833333)
(0.05 0 0.24366667)
(0.05 0 0.26633333)
(0.05 0 0.32166667)
(0.05 0 0.34433333)
(0.05 0 0.39966667)
(0.05 0 0.42233333)
(0.05 0 0.138)
(0.05 0 0.216)
(0.05 0 0.294)
(0.05 0 0.372)
(0.05 0 0.45)
(0.04330127 0.025 0.455)
(0.025 0.04330127 0.455)
(-2.5228968e-16 0.05 0.455)
(-0.025 0.04330127 0.455)
(-0.04330127 0.025 0.455)
(-0.05 -2.8253475e-16 0.455)
(-0.04330127 -0.025 0.455)
(-0.025 -0.04330127 0.455)
(2.5726867e-16 -0.05 0.455)
(0.025 -0.04330127 0.455)
(0.04330127 -0.025 0.455)
(0.05 0 0.4630285)
(-0.015522882 -0.052764004 0.37712166)
(-0.015522871 0.052764007 0.12287833)
(0.050876074 -0.020895575 0.24979541)
(0.049088216 0.02480619 0.25192594)
(-0.026833059 -0.04801028 0.39997581)
(-0.027695825 0.0475178 0.1012022)
(0.049885316 -0.023161505 0.14044426)
(0.049885316 0.023161505 0.35955574)
(-0.041566227 0.03601734 0.45645425)
(-0.041566227 -0.03601734 0.043545746)
(-0.054440179 -0.0078273161 0.45645425)
(-0.053723832 0.011779214 0.043242157)
(-0.0022660646 0.054953298 0.45658712)
(3.3184536e-16 -0.055 0.043545746)
(0.011249323 0.05383728 0.12604655)
(0.011239895 -0.053839249 0.37393942)
(0.049885316 0.023161505 0.19522213)
(0.049260042 -0.024463202 0.30669259)
(0.021897372 -0.050452999 0.41779346)
(0.021897372 0.050452999 0.082206543)
(0.049885316 -0.023161505 0.19522213)
(0.04688195 0.028759046 0.30672302)
(-0.042420419 0.035007257 0.043230448)
(-0.040440207 -0.0372772 0.45645406)
(-0.016632956 -0.052424658 0.42253175)
(-0.018021928 0.051963546 0.07753496)
(0.041566227 -0.03601734 0.45645425)
(0.041566227 0.03601734 0.043545746)
(0.050442898 0.02192063 0.41433361)
(0.051649439 -0.018903317 0.085955686)
(0.026139348 0.048391471 0.10664073)
(0.026139348 -0.048391471 0.39335927)
(0.029735245 0.046268944 0.45645425)
(0.029758947 -0.046253703 0.043522079)
(0.015495291 -0.052772114 0.45645425)
(0.015495291 0.052772114 0.043545746)
(-0.023114201 -0.049907251 0.38241908)
(-0.023655523 -0.049652958 0.37264795)
(-0.031222514 -0.045278633 0.3778526)
(-0.031616719 -0.045004256 0.3676634)
(-0.038559164 -0.039219776 0.3734361)
(-0.038968168 -0.038813424 0.36247846)
(-0.045108596 -0.031467675 0.36861564)
(-0.045479288 -0.030929507 0.35694131)
(-0.050354123 -0.022123796 0.3635714)
(-0.051036455 -0.020500738 0.35105768)
(-0.049600648 -0.023765011 0.37721481)
(-0.053658971 -0.012071241 0.37058322)
(-0.0210076 -0.05082992 0.3625742)
(-0.045596141 -0.030756981 0.34466648)
(-0.051361418 -0.019672435 0.33809165)
(-0.045031357 -0.031578108 0.33101845)
(-0.051300121 -0.019831732 0.32382843)
(-0.054516719 -0.0072751178 0.331839)
(-0.054644322 -0.0062448412 0.31630573)
(-0.045284418 -0.031214123 0.31578927)
(-0.053486796 -0.012812598 0.38320739)
(-0.054987449 -0.0011749158 0.37764019)
(-0.054959316 -0.0021150836 0.39122295)
(-0.054037235 0.010245841 0.38521773)
(-0.054537421 0.0071182654 0.32534573)
(-0.054378038 0.0082479658 0.30882)
(-0.050546024 0.021681777 0.31833976)
(-0.049936125 0.023051756 0.30104164)
(-0.054274082 0.0089064019 0.29142492)
(-0.049547931 0.023874725 0.28317593)
(-0.054192162 0.009391994 0.27325766)
(-0.04907554 0.024831258 0.26473117)
(-0.054080398 0.010015516 0.25489046)
(-0.048658108 0.025639588 0.24633738)
(-0.053832842 0.011270541 0.23701906)
(-0.048614635 0.025721922 0.2287946)
(-0.053432014 0.013039168 0.22000439)
(-0.048266824 0.026368803 0.2117166)
(-0.05312264 0.014247286 0.20294294)
(-0.048102977 0.026666526 0.19536813)
(-0.052922023 0.014975296 0.18680773)
(-0.054608836 -0.0065479057 0.26329518)
(-0.047894914 0.02703844 0.17961987)
(-0.052936529 0.014923936 0.17142036)
(-0.054979339 0.0015074033 0.17843216)
(-0.054971724 0.0017633859 0.16246166)
(-0.05359993 -0.012330755 0.17003296)
(-0.053823195 -0.011316521 0.15340031)
(-0.054922375 0.0029210844 0.1462249)
(-0.05409483 -0.0099372729 0.13736883)
(-0.040169997 0.037568222 0.22053428)
(-0.039898203 0.037856749 0.25544949)
(-0.040165859 0.037572646 0.29355084)
(-0.040650926 0.037047297 0.18793825)
(-0.048916951 -0.025142234 0.16049117)
(-0.048136375 -0.026606192 0.17849968)
(-0.036320735 -0.041301382 0.32363092)
(-0.036098195 -0.041496027 0.30733326)
(-0.054873141 0.0037334101 0.13049581)
(-0.054300863 -0.0087416386 0.12185481)
(-0.04709375 0.028410891 0.16443465)
(-0.054199783 0.0093479133 0.39926898)
(-0.050479238 0.021836816 0.39298594)
(-0.054783976 0.0048699083 0.11539246)
(-0.054473166 -0.0075943534 0.10696026)
(-0.051123442 -0.020282843 0.11317161)
(-0.050215385 0.022436914 0.37865468)
(-0.043633302 0.033483354 0.38669409)
(-0.054690239 0.0058290418 0.10057174)
(-0.054898059 -0.003347099 0.22728781)
(-0.039121171 -0.038659203 0.16789236)
(-0.038386178 -0.039389102 0.18696943)
(-0.043115472 0.034147564 0.37129953)
(-0.033440838 0.043665895 0.38010967)
(-0.032466336 0.044395237 0.36343322)
(-0.034569175 0.042778174 0.39664055)
(-0.053212985 -0.013906051 0.39712994)
(-0.052575634 0.016149388 0.12330761)
(-0.02379299 -0.049587232 0.31591458)
(-0.023616538 -0.049671512 0.29846434)
(-0.054644812 -0.006240553 0.092222326)
(-0.021272962 0.050719435 0.38958266)
(-0.025246001 -0.048863477 0.17649876)
(-0.026278447 -0.048316076 0.15710277)
(-0.024417987 -0.049282471 0.19597897)
(-0.051026706 0.020524991 0.40743094)
(-0.054437086 0.0078488011 0.41352894)
(-0.054552848 0.0069990561 0.086032436)
(-0.0094189605 -0.054187482 0.3075676)
(-0.0088014687 -0.054291198 0.28901745)
(-0.010694291 -0.053950275 0.16563854)
(-0.012202506 -0.053629272 0.14561151)
(-0.022574254 0.050153794 0.40701552)
(-0.0065046256 0.054614008 0.39954911)
(-0.0053135465 0.054742728 0.38111686)
(-0.05195698 0.018040849 0.094269309)
(-0.0088461568 -0.054283934 0.32512885)
(-0.023859393 -0.049555316 0.27971236)
(-0.0076823851 -0.05446082 0.26957747)
(-0.024550395 -0.049216645 0.26051834)
(-0.0061585339 -0.054654117 0.24986341)
(-0.051455533 0.019424936 0.080207648)
(-0.054768992 -0.0050356225 0.077606124)
(-0.051939846 -0.018090118 0.083864865)
(0.010092062 -0.054066166 0.27893081)
(0.005755392 -0.054698039 0.31671208)
(0.0051252834 -0.054760674 0.3354763)
(-0.023438931 0.049755568 0.11778322)
(-0.023795249 0.049586149 0.12743637)
(-0.015969088 0.052630678 0.13308036)
(-0.024789968 0.04909641 0.13829407)
(-0.015689698 0.052714641 0.14432978)
(-0.031131972 0.045340934 0.12195975)
(-0.025389519 0.04878906 0.14956224)
(-0.015773368 0.052689666 0.15640034)
(-0.0059676665 0.054675287 0.15066922)
(-0.004799954 0.054790149 0.16340043)
(0.0048092011 0.054789338 0.15713148)
(0.0075168775 0.054483911 0.171375)
(0.017162371 0.052253737 0.16376694)
(-0.032714198 0.044212908 0.14282671)
(-0.0059537312 0.054676806 0.17945005)
(0.0091980475 0.054225418 0.18781106)
(-0.026861035 -0.047994633 0.40950901)
(-0.03422741 -0.043052113 0.40457462)
(-0.034236001 -0.043045281 0.4151911)
(-0.026861254 0.047994511 0.090490554)
(-0.054999226 -0.0002918435 0.36457731)
(-0.051490104 0.01933311 0.42196945)
(-0.0070198886 0.054550171 0.19587552)
(0.008104998 0.054399531 0.20495066)
(0.049454316 -0.024068042 0.35723929)
(-0.034783357 0.042604202 0.095211716)
(-0.034214701 0.043062213 0.084880584)
(-0.015495291 -0.052772114 0.45645425)
(-0.015495291 0.052772114 0.043545746)
(0.026139348 -0.048391471 0.40664073)
(0.030680973 -0.045647321 0.41709599)
(0.036095524 -0.041498351 0.40708086)
(0.026666697 -0.048102882 0.42766974)
(0.036854956 -0.040825387 0.42689373)
(0.026139348 0.048391471 0.093359267)
(0.030680973 0.045647321 0.082904006)
(0.036095524 0.041498351 0.092919142)
(0.026666697 0.048102882 0.072330264)
(0.036854956 0.040825387 0.07310627)
(0.010741832 0.053940829 0.39186382)
(0.0085171106 0.054336533 0.41150391)
(0.020378644 0.051085329 0.11842238)
(0.031064745 0.04538702 0.11734316)
(0.02273351 0.050081809 0.13036099)
(0.033245023 0.043815162 0.13197168)
(0.020378644 -0.051085329 0.38157762)
(0.022159669 -0.050338346 0.3695787)
(-0.045701611 -0.030600046 0.29918834)
(-0.0067089501 -0.054589285 0.42845733)
(-0.0070965024 0.054540257 0.071552024)
(0.0032151792 -0.054905943 0.43058415)
(0.0029735762 0.054919558 0.069442535)
(-0.037931616 -0.039827032 0.20628859)
(0.020965342 -0.050847364 0.32503824)
(-0.041674123 -0.035892443 0.40946454)
(-0.041382528 -0.036228254 0.42133234)
(-0.040980475 -0.03668243 0.39850356)
(0.00025253208 -0.05499942 0.36964595)
(-0.027846948 -0.047429395 0.137093)
(-0.012930208 -0.053458486 0.12611351)
(-0.03153985 -0.045058161 0.42695625)
(0.0051392239 -0.054759368 0.13431159)
(0.0028024921 -0.054928554 0.11435408)
(-0.014489212 -0.053057165 0.10635959)
(0.000960752 -0.054991608 0.094857874)
(-0.016420754 -0.052491512 0.087524916)
(-0.051243248 0.019978225 0.33515857)
(-0.043413182 0.033768264 0.3281014)
(0.031088784 -0.045370558 0.38264132)
(0.012428002 0.053577465 0.37200531)
(-0.052341342 -0.016893311 0.068951177)
(-0.046545896 -0.029299821 0.075363475)
(-0.0083342288 0.054364884 0.2139629)
(0.007417449 0.054497536 0.22365697)
(-0.0093462025 0.054200078 0.23266465)
(0.0070888425 0.054541253 0.24303997)
(-0.054618179 0.00646951 0.42801722)
(-0.054741591 -0.0053252439 0.41962246)
(-0.025982028 0.04847612 0.16232251)
(-0.016690969 -0.052406217 0.43312426)
(-0.015938063 0.052640081 0.066074446)
(-0.028911412 -0.046788142 0.098627152)
(-0.037705872 -0.04004082 0.27080393)
(-0.040894527 -0.036778223 0.25093984)
(0.018555065 -0.051775569 0.10259954)
(0.016436095 -0.05248671 0.082540864)
(0.023487171 0.049732814 0.21454503)
(-0.051950812 0.018058601 0.4362473)
(-0.045982959 0.030175611 0.43034648)
(-0.023817502 -0.049575464 0.21607617)
(-0.0072863922 -0.054515213 0.20509287)
(0.022263462 -0.050292527 0.30866782)
(0.048079243 0.026709295 0.45647971)
(0.048672996 -0.025611315 0.043514009)
(0.027771151 0.047473815 0.38366675)
(-0.0098286115 0.054114678 0.25268757)
(0.0063593197 0.054631118 0.26350703)
(-0.011224056 0.053842553 0.27278343)
(0.0061612573 0.05465381 0.28365679)
(0.027862431 0.047420301 0.27378791)
(-0.011690027 0.053743309 0.29333097)
(0.0054908549 0.054725227 0.304448)
(-0.013534147 0.053308788 0.31421355)
(0.0045026216 0.054815385 0.32475091)
(-0.013248238 0.05338056 0.3346149)
(-0.012185888 -0.053633051 0.34127463)
(-0.048244429 -0.026409753 0.41528522)
(-0.047429091 -0.027847465 0.42778237)
(0.018160092 -0.051915422 0.34014526)
(0.032068475 -0.044683475 0.33625296)
(0.042266197 0.035193303 0.12210673)
(-0.0042871113 -0.054832661 0.43878329)
(-0.0040097696 0.054853639 0.061222718)
(-0.041161987 0.036478635 0.09023582)
(-0.040996239 0.036664811 0.10149902)
(-0.0412541 0.036374431 0.078757447)
(-0.033693424 0.043471291 0.073074302)
(-0.04317042 0.03407807 0.066665846)
(-0.03313527 0.043898221 0.060547858)
(-0.049627015 0.023709901 0.36158282)
(-0.021938609 0.050435081 0.20384283)
(0.022770983 0.050064781 0.31531979)
(0.022816661 0.050043981 0.3389252)
(0.043447219 0.03372446 0.13880349)
(0.0014316012 0.054981365 0.1303713)
(-0.054366104 -0.0083262659 0.4336724)
(0.031699705 -0.044945842 0.36829991)
(0.0519972 -0.017924597 0.44018655)
(0.052306564 -0.017000686 0.41751209)
(0.0519972 0.017924597 0.059813446)
(0.051468569 0.019390368 0.081767592)
(0.030500074 -0.04576839 0.43896607)
(0.030484774 0.045778582 0.061030117)
(-0.054609401 -0.0065431867 0.065000515)
(-0.05277905 -0.015471647 0.054114243)
(0.041592514 -0.035986981 0.377635)
(0.012355365 0.053594262 0.13760079)
(0.023637661 0.049661464 0.14290487)
(-0.045817505 -0.030426242 0.090780569)
(0.011981219 -0.053679143 0.36179163)
(-0.035965498 0.041611092 0.41382765)
(-0.024189364 0.049395088 0.42358891)
(-0.0044836724 0.054816938 0.36082026)
(-0.037481642 -0.040250795 0.22595084)
(-0.047348401 -0.027984441 0.21628299)
(0.02094181 -0.050857061 0.43938761)
(0.02094181 0.05085706 0.060612392)
(-0.030523125 -0.04575302 0.080387171)
(-0.018909629 -0.051647129 0.069716949)
(-0.030213738 -0.045957916 0.062933988)
(-0.019398898 -0.051465355 0.054791172)
(-0.0015082558 -0.054979316 0.35762577)
(-0.044282818 0.032619504 0.34550145)
(-0.010494205 -0.053989551 0.36480946)
(0.05072675 -0.021255513 0.33373014)
(0.038725335 0.039055709 0.32691633)
(0.030069271 0.046052567 0.36223428)
(-0.037887551 -0.039868954 0.38437142)
(-0.0065727771 -0.054605848 0.22625746)
(0.016741584 -0.052390069 0.21139473)
(0.01024675 -0.054037062 0.19322093)
(0.012934485 -0.053457451 0.23564498)
(0.029021868 -0.046719709 0.22421633)
(0.028876193 -0.046809886 0.24662267)
(-0.030510787 0.045761248 0.11155385)
(-0.038023889 0.039738947 0.11612389)
(-0.038576793 0.039202436 0.12706688)
(-0.044608276 0.032172997 0.12092672)
(-0.04543492 0.030994645 0.13296919)
(-0.046951458 -0.028645428 0.23438368)
(-0.02449878 -0.049242358 0.33323151)
(0.015492151 -0.052773035 0.42626014)
(0.015460892 0.052782202 0.073736468)
(0.051625649 -0.018968194 0.27746114)
(0.038538966 -0.039239625 0.29002653)
(0.046017477 0.030122945 0.22021951)
(0.035674754 0.041860625 0.23494645)
(0.0044244585 -0.054821749 0.44075796)
(0.0094732429 0.054178018 0.058517234)
(-0.025857289 0.048542771 0.24170482)
(0.00097132917 -0.054991422 0.44993851)
(-0.0013077475 0.05498445 0.049540367)
(0.031643 -0.044985781 0.089967251)
(0.035252407 -0.042216914 0.11149245)
(0.031131575 -0.045341207 0.069990962)
(0.011426833 -0.053799884 0.062152256)
(0.047531902 -0.027671615 0.39484617)
(0.051566575 -0.019128209 0.22093718)
(0.05017105 0.022535877 0.27622409)
(0.012298784 -0.053607275 0.25786536)
(-0.052664049 0.015858686 0.10902133)
(-0.033079434 0.043940312 0.33804911)
(-0.052614878 0.016021069 0.13762229)
(-0.051565195 0.019131929 0.15237058)
(-0.046354241 0.0296021 0.14964547)
(-0.040430097 0.037288165 0.1592294)
(0.050266768 0.022321559 0.10507601)
(-0.035394394 -0.042097944 0.33969164)
(0.050211109 0.022446482 0.38826519)
(-0.028773452 -0.04687311 0.11678529)
(-0.040770776 -0.036915361 0.12765366)
(-0.040665009 -0.037031839 0.10815902)
(0.050318771 0.022204082 0.16961438)
(0.04082153 0.036859229 0.18216952)
(0.040036864 0.037710072 0.15940682)
(-0.040584277 -0.037120297 0.14611857)
(0.050120875 -0.02264725 0.16879094)
(0.036792032 -0.040882104 0.15547738)
(0.039225563 -0.038553278 0.17922739)
(0.022257551 -0.050295143 0.17029328)
(0.028562986 -0.047001657 0.26912837)
(-0.030145726 -0.046002556 0.45673153)
(-0.034854279 -0.042546201 0.4442566)
(-0.045372299 -0.031086243 0.4438788)
(-0.049921997 -0.023082335 0.45647021)
(-0.026035915 -0.048447199 0.44427205)
(-0.033149479 0.043887493 0.043541039)
(-0.029342711 0.04651887 0.32038891)
(0.030097838 -0.046033902 0.45669907)
(0.02946386 0.046442233 0.043291047)
(-0.049653786 -0.023653786 0.26225945)
(-0.049447944 0.024081131 0.043223093)
(-0.051941236 0.018086129 0.055955048)
(-0.040636784 0.037062809 0.20306583)
(-0.048033115 -0.02679216 0.28048108)
(-0.02650843 -0.048190281 0.34813948)
(-0.024317911 -0.049331929 0.23967869)
(0.042481668 -0.034932905 0.43791965)
(0.042481668 0.034932905 0.062080346)
(-0.02474832 0.049117417 0.22272158)
(-0.019706714 0.051348276 0.18519767)
(-0.0020047277 -0.054963452 0.07633583)
(-0.039896014 0.037859055 0.27403426)
(-0.048180027 -0.026527061 0.19755098)
(-0.053792885 -0.011459735 0.20755134)
(-0.051351908 -0.019697246 0.44324083)
(-0.0386069 0.039172787 0.23706571)
(-0.046954847 0.028639873 0.055912154)
(0.05002976 -0.022847826 0.45645425)
(0.05002976 0.022847826 0.043545746)
(-0.054652391 0.0061738251 0.45625822)
(-0.050330796 0.022176812 0.456394)
(-0.054713319 -0.0056082748 0.28223855)
(-0.0087815828 0.054294418 0.41710588)
(0.0053695159 0.054737266 0.43000345)
(0.022638315 0.050124911 0.42367762)
(0.038722638 0.039058384 0.29003268)
(-0.05487144 -0.0037583312 0.40570824)
(-0.05266792 -0.015845826 0.41017546)
(-0.048357893 -0.026201415 0.40149161)
(-0.046466964 -0.029424842 0.38988346)
(0.036455452 -0.041182521 0.39322752)
(0.039065832 0.038715124 0.20268526)
(-0.054253546 0.0090306588 0.069673378)
(-0.0060864225 -0.054662194 0.059235777)
(-0.029724045 0.04627614 0.45649503)
(-0.036017926 0.041565719 0.44297163)
(-0.023228614 0.049854102 0.44277497)
(0.036594766 0.041058776 0.10667683)
(-0.054769485 0.0050302549 0.44232958)
(-0.047170318 -0.028283584 0.059712109)
(0.036518829 0.041126331 0.25640355)
(-0.041125943 0.036519267 0.1736805)
(-0.054761205 -0.005119612 0.24529201)
(-0.027660506 0.047538368 0.28513651)
(-0.054712355 -0.005617665 0.29987732)
(0.019291192 0.051505824 0.44194884)
(0.034553767 0.04279062 0.43778213)
(-0.016410686 0.052494661 0.45653045)
(0.050326177 -0.022187292 0.11486767)
(-0.053780089 -0.011519638 0.1902233)
(0.038246664 -0.039524583 0.2069508)
(0.025882377 -0.048529399 0.35610124)
(0.038249204 -0.039522125 0.35482219)
(-0.022804465 0.050049539 0.054511625)
(-0.051889943 -0.018232766 0.098133764)
(-0.026204486 -0.048356229 0.42048434)
(0.025984632 0.048474724 0.40408521)
(-0.033979942 -0.0432477 0.39375225)
(0.036287738 -0.041330377 0.31088658)
(-0.026194785 0.048361485 0.079496563)
(0.025580804 0.048689039 0.19165743)
(-0.021647352 0.050560777 0.35031292)
(-0.026215262 0.048350388 0.26427896)
(-0.038060972 -0.03970343 0.35075152)
(-0.050420519 -0.021972055 0.12831534)
(-0.04961377 -0.023737603 0.14401043)
(-0.040755959 0.036931718 0.31078894)
(-0.054781504 0.0048976351 0.34099596)
(-0.0070845117 0.054541816 0.1384075)
(-0.054296448 -0.0087690232 0.34607137)
(-0.0085592458 -0.054329912 0.18559364)
(0.051392942 0.019589935 0.43543629)
(0.051851457 -0.01834193 0.062383213)
(-0.053921662 0.010837635 0.37172682)
(-0.054600835 -0.0066142867 0.042851445)
(-0.050263499 0.022328919 0.06720634)
(0.041193338 0.036443228 0.45644557)
(0.040855563 -0.036821501 0.043514923)
(-0.044503353 0.032317976 0.40118272)
(-0.040138079 -0.037602322 0.43320889)
(-0.044375976 -0.032492658 0.37955754)
(0.015558361 -0.052753554 0.043568287)
(-0.013579134 -0.053297346 0.35309932)
(-0.047174972 0.028275821 0.10221154)
(0.037623124 0.040118581 0.41712096)
(-0.052468256 -0.016494913 0.4227673)
(-0.036215579 -0.041393621 0.28978218)
(-0.020432588 0.051063777 0.37201185)
(-0.0078808368 0.054432457 0.44304581)
(-0.049515745 -0.023941408 0.042860124)
(-0.045456927 0.030962362 0.41574861)
(0.021074138 -0.050802369 0.12269743)
(0.037884886 -0.039871486 0.13298821)
(-0.046400806 0.029529057 0.44466078)
(0.0020086248 0.05496331 0.34376015)
(0.014659791 0.053010287 0.45673122)
(-0.027989967 0.047345134 0.30315068)
(-0.031720199 -0.04493138 0.35755342)
(-0.051577768 -0.019098007 0.30803618)
(0.0078922936 -0.054430797 0.29853132)
(0.050723576 0.021263087 0.33569068)
(-0.03653687 0.041110305 0.42840888)
(-0.031720533 -0.044931145 0.043109453)
(-0.026715179 -0.048075973 0.39073321)
(0.022483776 -0.05019442 0.14611445)
(-0.053944732 -0.010722214 0.35806886)
(-0.014013065 -0.053184904 0.44386431)
(-0.031839378 0.044847007 0.13197926)
(0.023664191 0.049648827 0.29455084)
(-0.016169015 0.052569601 0.16926581)
(0.023259829 -0.049839546 0.28991745)
(-0.026673695 -0.048099002 0.43383059)
(0.050997315 0.020597909 0.12688671)
(0.022721812 0.050087117 0.23352295)
(0.050881398 -0.020882608 0.37716047)
(-0.047736343 0.027317422 0.087800062)
(-0.05276351 0.01552456 0.34919723)
(0.0090546587 -0.054249545 0.34974837)
(-0.0069541041 0.054558596 0.12755608)
(-0.025753938 0.048597682 0.069351333)
(0.034659797 0.042704783 0.14655607)
(0.041592455 0.035987049 0.37448342)
(-0.031727262 0.044926394 0.18083496)
(0.039986073 0.037763924 0.34734483)
(0.0050320006 -0.054769325 0.1547808)
(-0.043119566 0.034142393 0.11041673)
(0.039871995 0.037884351 0.39777138)
(-0.03231693 0.044504113 0.19473357)
(-0.052087191 -0.017661385 0.2918406)
(0.023830327 0.0495693 0.25326419)
(0.041999923 -0.035510652 0.2345214)
(-0.054962539 0.002029601 0.19421858)
(-0.015495291 -0.052772114 0.040905275)
(0.051614708 0.018997944 0.1502317)
(-0.012444087 0.053573731 0.054035348)
(0.045934751 -0.030248945 0.42513109)
(0.04486676 -0.031811536 0.41003256)
(0.045934751 0.030248945 0.074868913)
(0.044802531 0.031901932 0.090055803)
(0.0184766 0.051803622 0.17665621)
(-0.0079086407 -0.054428425 0.37318321)
(-0.050928986 -0.020766281 0.24838306)
(-0.041127754 0.036517226 0.054765978)
(-0.032397788 0.044445285 0.21098049)
(-0.034818806 0.042575236 0.10431928)
(0.03601734 -0.041566227 0.056311321)
(0.043481214 -0.033680618 0.069386345)
(0.042779275 -0.034567812 0.32650887)
(0.002616158 0.054937744 0.14310105)
(0.014398626 0.05308182 0.35562961)
(0.036993531 0.04069986 0.30832398)
(-0.033198648 0.043850311 0.15382353)
(-0.041798042 0.035748058 0.13814763)
(-0.054967961 0.0018770345 0.21058455)
(0.0047003608 -0.054798783 0.17471618)
(-0.053931949 0.010786327 0.35964082)
(-0.04726098 0.028131828 0.075657389)
(-0.013151685 0.05340443 0.4303761)
(-0.054453903 -0.0077312673 0.44461192)
(0.0059801898 0.054673918 0.44392097)
(0.043229483 -0.034003115 0.26345216)
(0.044464256 0.032371746 0.44151487)
(-0.054990296 0.001033139 0.05446557)
(0.04429632 -0.032601166 0.098986526)
(-0.040173011 0.037564999 0.14828626)
(-0.054962586 0.0020283326 0.3526891)
(-0.039830261 -0.037928226 0.056983097)
(-0.04223632 0.035229153 0.35889747)
(0.03095998 0.045458549 0.17206139)
(0.035716471 0.041825037 0.050768724)
(-0.052881828 0.015116623 0.44764418)
(-0.052190929 -0.017352432 0.22652429)
(-0.048747998 0.025468268 0.11427117)
(-0.050995893 -0.02060143 0.38931855)
(0.035798491 -0.041754856 0.44884335)
(-0.016930844 -0.052329213 0.3692593)
(0.044509014 -0.032310179 0.055802109)
(3.3184536e-16 -0.055 0.46178348)
(-2.7751865e-16 0.055 0.038216504)
(-0.051327674 -0.019760311 0.43271538)
(-0.048384548 0.02615216 0.14004188)
(0.023138698 -0.049895898 0.44973545)
(0.053594337 -0.012355041 0.45778365)
(0.053472611 0.012871669 0.042334263)
(0.038704786 0.039076074 0.083163518)
(0.038704786 -0.039076074 0.41683648)
(-0.039004419 -0.038776995 0.072657004)
(0.011757643 0.053728557 0.065800426)
(0.011412412 -0.053802945 0.43583862)
(-0.02411836 0.049429796 0.11016223)
(-0.033691473 0.043472803 0.1667249)
(0.026446557 -0.048224264 0.19136266)
(-0.022039507 -0.050391072 0.42723894)
(-0.052487636 -0.016433138 0.27358541)
(0.046268944 -0.029735245 0.44775199)
(0.046268944 0.029735245 0.052248008)
(0.014258779 0.053119556 0.14841333)
(0.036350159 0.041275488 0.21884994)
(-0.037712484 -0.040034592 0.0900993)
(0.052810807 0.015362899 0.4574291)
(0.05326616 -0.013700956 0.042257245)
(0.022734905 0.050081175 0.050420951)
(0.045563806 0.030804863 0.42652902)
(-0.031926429 -0.044785077 0.38584752)
(0.027995771 0.047341702 0.15484432)
(-0.025366466 0.048801049 0.17327293)
(-0.0012845796 -0.054984997 0.3479196)
(-0.046628681 -0.029167895 0.11753611)
(0.024981174 -0.048999397 0.056007991)
(0.042294315 -0.035159507 0.34027188)
(-0.048902554 0.025170225 0.12642683)
(-0.021943633 -0.050432896 0.41464778)
(0.031512177 -0.045077519 0.40000813)
(0.031512177 0.045077519 0.099991871)
(-0.02194506 0.050432275 0.085346629)
(-0.033949904 0.043271284 0.35079059)
(0.012019651 -0.05367055 0.4454481)
(0.041105155 0.036542664 0.27348311)
(-0.047474761 -0.027769535 0.10476997)
(-0.033423072 -0.043679495 0.43565513)
(0.048777107 0.010442731 0.48675902)
(-1.1778748e-10 0.045832341 0.49158735)
(-6.9496441e-11 -0.045832341 0.49158735)
(0.048800938 -0.010573818 0.4866832)
(-0.035833167 0.028575997 0.49158735)
(-0.035833167 -0.028575997 0.49158735)
(0.035833167 0.028575997 0.49158735)
(0.036107044 -0.028181889 0.49161539)
(-0.044683229 -0.010198655 0.49158735)
(-0.044683229 0.010198655 0.49158735)
(-0.019885907 0.041293512 0.49158735)
(-0.019885908 -0.041293512 0.49158735)
(0.019885907 -0.041293512 0.49158735)
(0.019885907 0.041293512 0.49158735)
(-0.046399944 -0.022345035 0.48406226)
(-0.046399944 0.022345035 0.48406226)
(-0.011411214 0.049995797 0.48446655)
(-0.011411214 -0.049995797 0.48446655)
(0.011411214 0.049995797 0.48446655)
(0.011411214 -0.049995797 0.48446655)
(-0.031181161 0.039150573 0.48650705)
(-0.031366317 -0.038995792 0.48651485)
(0.031530427 0.038807998 0.48657968)
(0.031371905 -0.038945924 0.48656832)
(-0.050674954 8.7128394e-05 0.4855175)
(0.040172061 -0.010585278 0.4950264)
(0.04944288 0.02018115 0.47965771)
(0.049161488 -0.020671681 0.47986752)
(0.043069694 0.020072259 0.4898235)
(0.041743177 0.0091517465 0.49419677)
(0.00013447836 -0.053291376 0.4799794)
(0.00013447833 0.053291376 0.4799794)
(0.041883468 0.032005726 0.48149025)
(0.042051181 -0.031711538 0.48159651)
(-0.041206401 0.033266685 0.4808767)
(-0.041206401 -0.033266685 0.4808767)
(0.023223712 0.0469274 0.48230672)
(0.022996382 -0.047161656 0.48205914)
(-0.023223712 -0.0469274 0.48230672)
(-0.022981109 0.047171196 0.48205485)
(-0.051187053 0.011621588 0.48201302)
(-0.051841136 -0.010290936 0.48114575)
(0.053829921 0.0078135982 0.47599915)
(0.053808632 -0.0077365133 0.4761543)
(0.042615635 -0.019588117 0.4905014)
(0.048773038 0.010436553 0.013233157)
(-1.177877e-10 0.045832341 0.0084126525)
(-6.9496359e-11 -0.045832341 0.0084126526)
(0.048800938 -0.010573818 0.013316799)
(-0.035833167 0.028575997 0.0084126525)
(-0.035833167 -0.028575997 0.0084126526)
(0.035833167 0.028575997 0.0084126526)
(0.036107044 -0.028181889 0.0083846143)
(-0.044683229 -0.010198655 0.0084126526)
(-0.044683229 0.010198655 0.0084126526)
(-0.019885907 0.041293512 0.0084126525)
(-0.019885908 -0.041293512 0.0084126526)
(0.019885907 -0.041293512 0.0084126526)
(0.019885907 0.041293512 0.0084126526)
(-0.046399944 -0.022345035 0.015937738)
(-0.046399944 0.022345035 0.015937738)
(-0.011411214 0.049995797 0.01553345)
(-0.011411214 -0.049995797 0.01553345)
(0.011411214 0.049995797 0.01553345)
(0.011411214 -0.049995797 0.01553345)
(-0.031181161 0.039150573 0.013492951)
(-0.031366317 -0.038995792 0.013485154)
(0.031530427 0.038807998 0.013420321)
(0.031371905 -0.038945924 0.01343168)
(-0.050674954 8.7128394e-05 0.014482498)
(0.040172061 -0.010585278 0.0049736039)
(0.049445169 0.020150421 0.020314444)
(0.049161488 -0.020671681 0.020132484)
(0.043068953 0.020066025 0.010172749)
(0.04174191 0.0091501027 0.00580207)
(0.00013447836 -0.053291376 0.020020599)
(0.00013447833 0.053291376 0.020020599)
(0.041884259 0.0320035 0.018508003)
(0.042051181 -0.031711538 0.018403491)
(-0.041206401 0.033266685 0.019123296)
(-0.041206401 -0.033266685 0.019123296)
(0.023223712 0.0469274 0.017693277)
(0.022996382 -0.047161656 0.017940858)
(-0.023223712 -0.0469274 0.017693277)
(-0.022981109 0.047171196 0.017945149)
(-0.051187053 0.011621588 0.017986979)
(-0.051841136 -0.010290936 0.018854252)
(0.053808632 0.0077365133 0.0238457)
(0.053808632 -0.0077365133 0.0238457)
(0.042615635 -0.019588117 0.0094985976)
(-0.02 -0.059472546 0.4)
(-0.019189068 -0.14644385 0.40563735)
(0.01797811 -0.097886229 0.40876285)
(0.017885998 -0.097830708 0.39105064)
(-0.0051763809 -0.14606018 0.38068148)
(-0.0017091917 -0.062707781 0.41992683)
(-0.0028357904 -0.062831116 0.38020206)
(0.017930758 -0.1186154 0.40885934)
(0.01797424 -0.11862837 0.39122921)
(0.0051763809 -0.14606018 0.41931852)
(0.01797811 -0.077117586 0.40876285)
(0.017645405 -0.077354542 0.39058514)
(0.018060858 -0.13919206 0.39140899)
(0.016664404 -0.1396356 0.41105883)
(0.0071246985 -0.062518786 0.41868793)
(0.0029395383 -0.07102718 0.4197828)
(-0.0066704472 -0.071575738 0.41885484)
(-0.002267379 -0.079698549 0.41987106)
(-0.01094182 -0.08035583 0.41674146)
(-0.0057477857 -0.0883638 0.41915628)
(-0.014143763 -0.089091124 0.41414051)
(-0.010593363 -0.097232776 0.4169641)
(-0.017187324 -0.097905515 0.41022721)
(-0.013216121 -0.10608355 0.41501113)
(-0.018846028 -0.10675514 0.40669531)
(-0.019966384 -0.098518802 0.40115911)
(-0.01977086 -0.10738319 0.39698121)
(-0.018144088 -0.099136436 0.3915862)
(-0.01957747 -0.090288484 0.39591067)
(-0.015257722 -0.0909238 0.38706934)
(-0.012006595 -0.099721196 0.38400495)
(-0.016415859 -0.11494598 0.41142452)
(-0.007214759 -0.09149124 0.38134666)
(-0.017723479 -0.082150428 0.39073295)
(-0.004407135 -0.10541166 0.41950839)
(-0.0033033789 -0.09988536 0.38027469)
(-0.0079580808 -0.108652 0.38165146)
(-0.015092627 -0.072287934 0.41312298)
(0.0017106182 -0.10927907 0.38007329)
(-0.0038673199 -0.11766583 0.38037747)
(0.0041271352 -0.087774635 0.41956954)
(0.0025166026 -0.09198323 0.38015896)
(-0.0021522809 -0.083156285 0.38011615)
(-0.012942312 -0.11701939 0.38475216)
(-0.009185948 -0.12607202 0.38223435)
(-0.016705749 -0.12541931 0.38900373)
(-0.00090248833 -0.12619719 0.38002037)
(-0.019999974 -0.081545399 0.39996768)
(-0.019316095 -0.073479047 0.39481459)
(-0.014647156 -0.074094665 0.3863816)
(-0.013795889 -0.13451055 0.38551989)
(-0.019060513 -0.13379407 0.39394221)
(-0.019952772 -0.12474028 0.39862636)
(0.00795444 -0.083703615 0.38164988)
(0.0036184749 -0.074841561 0.38033006)
(-0.019752821 -0.13315775 0.40313466)
(-0.017421508 -0.066281003 0.39017701)
(0.0056891469 -0.063181174 0.38082623)
(0.015930442 -0.061757158 0.38790781)
(0.015578854 -0.061546608 0.4125419)
(-0.017260634 -0.14273954 0.389897)
(-0.012435144 -0.061908702 0.4156642)
(0.011962154 -0.071156672 0.41602831)
(-0.018267378 -0.064726186 0.40814266)
(0.011945682 -0.092598545 0.38395941)
(0.017991257 -0.087552636 0.40873583)
(0.012675756 -0.082546558 0.41547014)
(0.012356212 -0.092656239 0.41572654)
(0.012470464 -0.10287805 0.4156361)
(0.017932501 -0.10809446 0.40885581)
(0.012429246 -0.11319972 0.41566888)
(0.012256072 -0.12348881 0.4158047)
(0.0053018965 -0.11841518 0.41928445)
(0.0041151427 -0.12826838 0.41957206)
(-0.0051551561 -0.12232274 0.41932419)
(-0.0048998355 -0.13330989 0.4193905)
(-0.012693491 -0.12805437 0.41545559)
(-0.012841976 -0.1382464 0.41533244)
(0.011714011 -0.13359671 0.41621055)
(0.017991141 -0.087552187 0.39126393)
(0.012287003 -0.10294466 0.38421933)
(0.017964692 -0.10816221 0.39120967)
(0.012296795 -0.11356137 0.38422696)
(0.010389636 -0.12437252 0.38291037)
(-0.019268231 -0.08969917 0.40536053)
(-0.01752332 -0.080851257 0.40964019)
(0.017462634 -0.12877417 0.39025031)
(0.017653666 -0.12910791 0.40939937)
(-0.011300333 -0.082822302 0.38349841)
(-0.015889401 -0.10799169 0.38785393)
(0.01247364 -0.13413478 0.38436644)
(0.01375933 -0.14535559 0.38548515)
(0.0046452144 -0.13960234 0.38054693)
(0.0043112612 -0.098189557 0.4195298)
(-0.018696751 -0.11643698 0.39289848)
(-0.019837056 -0.11562664 0.40254779)
(-0.00622142 -0.074319423 0.38099227)
(-0.0044656314 -0.14468886 0.41949508)
(-0.0094383583 -0.1141409 0.41763285)
(-0.004933511 -0.13510852 0.38061804)
(-0.019565252 -0.073068349 0.4041474)
(0.012358079 -0.070945465 0.38427493)
(-0.011363755 -0.062412463 0.38354202)
(0.013818005 -0.14630589 0.414459)
(0.0048912705 -0.10789263 0.41939267)
(-0.018164008 -0.12421762 0.40837071)
(0.0041589004 -0.11849921 0.38043719)
(-0.014142136 -0.14737901 0.41414214)
(0.0036684974 -0.13729174 0.41966067)
(0.018388048 -0.068405908 0.40786636)
(0.018394367 -0.068433323 0.39214842)
(0.018861666 -0.056515003 0.40665113)
(0.0050557688 -0.14785763 0.38064957)
(-0.019971292 -0.14121053 0.39892878)
(0.0039793808 -0.099872398 0.38039988)
(-0.019929994 -0.066877375 0.39832808)
(0.0056685161 -0.078437993 0.41917988)
(-0.018579762 -0.058557163 0.39259781)
(-0.012620277 -0.14718825 0.38448457)
(0.013245177 -0.078745849 0.3850145)
(0.018484181 -0.14723989 0.39236226)
(0.018167877 -0.14723394 0.40836231)
(-0.017771184 -0.13928462 0.40917524)
(-0.019633598 -0.14851212 0.39618925)
(-0.0034170487 -0.095784655 0.41970593)
(-0.01810813 -0.057465842 0.40849091)
(-0.012398701 -0.12034999 0.41569306)
(-0.0021589494 -0.11303077 0.41988313)
(-0.010895539 -0.14064399 0.38322838)
(0.0061932619 -0.13181756 0.38098307)
(-0.010685613 -0.069407692 0.38309386)
(-0.0010749748 -0.069670253 0.38002891)
(0.0099124289 -0.14069515 0.41737077)
(-0.016709106 -0.13226122 0.41099117)
(0.013893712 -0.085870582 0.38561373)
(-0.02 0.059472546 0.1)
(-0.019199524 0.14645119 0.10560163)
(0.017885998 0.097830708 0.091050639)
(0.01797811 0.097886229 0.10876285)
(-0.0051763809 0.14606018 0.080681483)
(-0.0017091917 0.062707781 0.11992683)
(-0.0028357904 0.062831116 0.080202063)
(0.017898023 0.11860376 0.10892529)
(0.01797424 0.11862837 0.091229214)
(0.0051763809 0.14606018 0.11931852)
(0.01797811 0.077117586 0.10876285)
(0.017645405 0.077354542 0.090585136)
(0.018060858 0.13919206 0.091408993)
(0.016654823 0.13963296 0.11107325)
(0.0071246985 0.062518786 0.11868793)
(0.0029395383 0.07102718 0.1197828)
(-0.0066704472 0.071575738 0.11885484)
(-0.0022705001 0.079698617 0.1198707)
(-0.010942217 0.080355848 0.1167412)
(-0.0056404158 0.088439343 0.11918817)
(-0.014074969 0.089093326 0.11420899)
(-0.0096723754 0.097227406 0.11750557)
(-0.016853447 0.097889652 0.11076853)
(-0.013243251 0.10608192 0.1149872)
(-0.018807114 0.10674708 0.10680386)
(-0.019948986 0.098509817 0.10142757)
(-0.01977086 0.10738319 0.096981211)
(-0.018185223 0.099136357 0.091675479)
(-0.019611669 0.090297235 0.096077952)
(-0.015257722 0.0909238 0.087069342)
(-0.012028283 0.099724359 0.084021252)
(-0.016401187 0.11494899 0.11144557)
(-0.0071750616 0.09149053 0.08133135)
(-0.017756825 0.082155607 0.090797003)
(-0.004407135 0.10541166 0.11950839)
(-0.0033307839 0.099886923 0.080279303)
(-0.0079604849 0.1086522 0.081652502)
(-0.01509264 0.072287928 0.11312297)
(0.0017106182 0.10927907 0.08007329)
(-0.00386732 0.11766583 0.080377466)
(0.0041271352 0.087774635 0.11956954)
(0.0025458368 0.091984129 0.080162694)
(-0.0021515105 0.083156211 0.080116062)
(-0.012942312 0.11701939 0.084752162)
(-0.009185948 0.12607202 0.082234349)
(-0.016705749 0.12541931 0.08900373)
(-0.00090248827 0.12619719 0.080020373)
(-0.019999946 0.081542813 0.10004636)
(-0.019316095 0.073479047 0.09481459)
(-0.014647156 0.074094665 0.0863816)
(-0.013795889 0.13451055 0.085519895)
(-0.019060513 0.13379407 0.093942209)
(-0.019952772 0.12474028 0.098626358)
(0.0079544399 0.083703615 0.081649881)
(0.0036184749 0.074841561 0.080330057)
(-0.019748686 0.13315882 0.1031606)
(-0.017421508 0.066281003 0.090177013)
(0.0056891469 0.063181174 0.080826226)
(0.015930442 0.061757158 0.087907811)
(0.015578854 0.061546608 0.1125419)
(-0.017260634 0.14273954 0.089897005)
(-0.012435144 0.061908702 0.1156642)
(0.011962154 0.071156672 0.11602831)
(-0.018267378 0.064726186 0.10814266)
(0.011945682 0.092598545 0.083959405)
(0.017999479 0.087419363 0.10871887)
(0.01270154 0.082501327 0.11544898)
(0.012948971 0.092348995 0.11524218)
(0.013248272 0.1029893 0.11498277)
(0.01789 0.10809486 0.10894136)
(0.012523206 0.11315446 0.11559389)
(0.012165704 0.12343591 0.11587437)
(0.0053685689 0.1183669 0.11926599)
(0.0040681639 0.12827299 0.11958188)
(-0.005133383 0.12234301 0.11932999)
(-0.0049114377 0.13336968 0.11938757)
(-0.012717498 0.12814685 0.11543584)
(-0.012829083 0.13835705 0.11534323)
(0.011707516 0.13356224 0.11621524)
(0.017991141 0.087552187 0.091263933)
(0.012287003 0.10294466 0.08421933)
(0.017964692 0.10816221 0.091209674)
(0.012296795 0.11356137 0.084226958)
(0.010389636 0.12437252 0.08291037)
(-0.019174111 0.089708472 0.10568801)
(-0.01752332 0.080851257 0.10964019)
(0.017462634 0.12877417 0.090250312)
(0.017630271 0.12909393 0.10944317)
(-0.011300333 0.082822302 0.08349841)
(-0.015889401 0.10799169 0.087853933)
(0.01247364 0.13413478 0.084366436)
(0.01375933 0.14535559 0.085485151)
(0.0046452143 0.13960234 0.080546929)
(-0.018696751 0.11643698 0.092898485)
(-0.019837056 0.11562664 0.10254779)
(-0.0016796222 0.09693973 0.11992935)
(-0.00622142 0.074319423 0.080992267)
(-0.0044440646 0.14473227 0.11950001)
(-0.0095448014 0.11415126 0.11757546)
(-0.004933511 0.13510852 0.080618038)
(-0.019565252 0.073068349 0.1041474)
(0.012358079 0.070945466 0.084274928)
(-0.011363755 0.062412463 0.083542021)
(0.013818005 0.14630589 0.114459)
(0.0048688773 0.10775038 0.1193983)
(-0.018162842 0.12421585 0.10837324)
(0.0041589004 0.11849921 0.08043719)
(-0.014142136 0.14743761 0.11414214)
(0.0036576555 0.13729834 0.11966269)
(0.018388048 0.068405908 0.10786636)
(0.018394367 0.068433323 0.092148422)
(0.018861666 0.056515003 0.10665113)
(0.0050557687 0.14785763 0.080649568)
(-0.019971072 0.14120798 0.098924695)
(0.0039743056 0.099872819 0.080398855)
(-0.019929994 0.066877375 0.098328075)
(0.0056708103 0.078434101 0.11917921)
(-0.018579762 0.058557163 0.092597808)
(-0.012620277 0.14718825 0.084484569)
(0.013245177 0.078745849 0.085014498)
(0.018484181 0.14723989 0.092362261)
(0.018167648 0.14723367 0.10836281)
(-0.01777027 0.13928449 0.10917701)
(-0.01963266 0.14851305 0.096184418)
(-0.0020581965 0.11280838 0.11989381)
(-0.012400594 0.12041679 0.11569157)
(-0.01810813 0.057465842 0.10849091)
(0.0073044624 0.097654979 0.1186184)
(-0.010895539 0.14064399 0.08322838)
(0.0061932621 0.13181756 0.080983073)
(-0.010685613 0.069407692 0.083093857)
(-0.0010749748 0.069670253 0.08002891)
(0.0099127866 0.14067855 0.11737057)
(-0.016731956 0.13229426 0.11095635)
(0.013893712 0.085870582 0.08561373)
(-0.034122477 -0.0077882326 0.51174531)
(-0.027364102 0.021822143 0.51174531)
(-0.015185931 -0.03153391 0.51174531)
(0.015185931 -0.03153391 0.51174531)
(0.015185931 0.03153391 0.51174531)
(-0.0093226513 0.033735562 0.53453597)
(-0.033824365 0.0089951285 0.53462475)
(0.031853247 0.01450416 0.52383917)
(0.031853247 -0.01450416 0.52383917)
(-0.024783177 -0.02471425 0.53459445)
(0.0090586666 -0.033807404 0.53435532)
(-0.02495869 0.024536989 0.53451649)
(-0.033794044 -0.0091083809 0.53471624)
(-0.0087703109 -0.033883354 0.53451649)
(1.40699e-05 -0.034999997 0.5194995)
(0.0082481354 0.034014236 0.53465432)
(-1.3880772e-05 0.034999997 0.51947858)
(0.021722518 0.027443254 0.5346234)
(0.022345807 -0.026938169 0.53485644)
(-0.016185924 0.031032497 0.51956392)
(-0.03415189 0.0076582247 0.51181852)
(-0.027286822 -0.021918698 0.51176028)
(0.027364102 0.021822143 0.51127459)
(0.027364102 -0.021822143 0.51127459)
(-0.034999787 -0.00012201438 0.52346476)
(-0.03153391 -0.015185931 0.52276983)
(-0.031535038 0.01518359 0.52262544)
(0.023703532 -0.025751554 0.52237785)
(-0.019179347 -0.029277169 0.5243121)
(0.032650906 -0.012606282 0.53738471)
(0.032060911 0.014039159 0.53710259)
(0.022064955 0.027168691 0.52182344)
(-0.012394292 0.032731965 0.50759715)
(9.2448492e-06 -0.034999999 0.50744079)
(0.03323044 -0.010988077 0.50983284)
(0.033182528 0.011131928 0.51047691)
(-9.2470896e-06 0.034999999 0.5074289)
(0.011255882 0.033140687 0.52288344)
(-0.034157756 -0.0076320183 -0.011731068)
(-0.027364102 0.021822143 -0.011745313)
(-0.015185931 -0.03153391 -0.011745313)
(0.015185931 -0.03153391 -0.011745314)
(0.015185931 0.03153391 -0.011745314)
(-0.0087984456 0.033876059 -0.034458461)
(-0.033823562 0.0089981471 -0.034625579)
(0.031853247 0.01450416 -0.023839172)
(0.031853247 -0.01450416 -0.023839172)
(-0.024785728 -0.024711691 -0.034593308)
(0.0090586666 -0.033807404 -0.034355319)
(-0.02495869 0.024536989 -0.034516495)
(-0.033794862 -0.0091053432 -0.034715979)
(-0.0087703109 -0.033883354 -0.034516495)
(1.40699e-05 -0.034999997 -0.0194995)
(0.0090586666 0.033807404 -0.034355319)
(-2.0768902e-16 0.035 -0.019498373)
(0.022345807 0.026938169 -0.03485644)
(0.022345807 -0.026938169 -0.03485644)
(-0.016177514 0.031036882 -0.019554386)
(-0.034122477 0.0077882327 -0.011745313)
(-0.027305811 -0.021895037 -0.011756812)
(0.027364102 0.021822143 -0.011274591)
(0.027364102 -0.021822143 -0.011274591)
(-0.034998879 -0.00028008026 -0.023297759)
(-0.031585253 -0.015078852 -0.022776164)
(-0.03153391 0.015185931 -0.022598086)
(0.023703532 -0.025751554 -0.022377851)
(0.023703532 0.025751554 -0.022377851)
(-0.019204702 -0.029260544 -0.024313009)
(0.032650906 -0.012606282 -0.037384707)
(0.032650906 0.012606282 -0.037384707)
(-0.012392476 0.032732652 -0.0076299173)
(-9.3237696e-06 -0.034999999 -0.0074407725)
(9.2843248e-06 0.034999999 -0.0074401359)
(0.033182528 -0.011131928 -0.010476909)
(0.03323044 0.010988077 -0.0098328372)
(0.013554501 -0.097502227 0.3935754)
(0.013530669 -0.11283497 0.40647464)
(0.013385225 -0.089765394 0.40677021)
(0.013938884 -0.1205887 0.39445856)
(-0.013200318 -0.054401467 0.39287598)
(0.013526404 -0.074341765 0.39351645)
(-0.014499683 -0.14781983 0.40384177)
(-0.002002715 -0.055963695 0.4148657)
(-0.0038822857 -0.14829514 0.38551111)
(0.013530669 -0.12816771 0.40647464)
(0.013530669 -0.074503118 0.40647464)
(-0.0017763855 -0.055934545 0.38510556)
(0.011821745 -0.054869543 0.39076711)
(0.0038822857 -0.14829514 0.41448889)
(0.013530669 -0.13583408 0.39352536)
(-0.013371301 -0.054617543 0.40679767)
(0.013535674 -0.059170379 0.40646417)
(0.0093715663 -0.14822602 0.38828788)
(0.013433087 -0.14323854 0.40667474)
(0.0058445072 -0.05577233 0.41381455)
(0.002140622 -0.062096895 0.41484647)
(-0.0050717353 -0.062500813 0.41411657)
(-0.0011627296 -0.068561485 0.41495487)
(-0.0080655104 -0.068983923 0.41264704)
(-0.0044449191 -0.075100869 0.41432629)
(-0.010718909 -0.07551967 0.41049309)
(-0.007491521 -0.0816833 0.41299527)
(-0.012796119 -0.082109708 0.40782683)
(-0.010180439 -0.088328476 0.41101629)
(-0.014421213 -0.075909666 0.40412657)
(-0.014980285 -0.082509543 0.40076881)
(-0.014639849 -0.076315887 0.39673276)
(-0.013516617 -0.082910226 0.39349607)
(-0.011259997 -0.076692361 0.39008978)
(-0.0087012348 -0.083311556 0.38778163)
(-0.01168827 -0.089567969 0.39059871)
(-0.0056872785 -0.089969734 0.38611998)
(-0.0092695414 -0.096260938 0.38820697)
(-0.013825894 -0.095848983 0.39418238)
(-0.012140703 -0.10255999 0.39119073)
(-0.0063220801 -0.10297238 0.38639738)
(-0.0097961672 -0.10929469 0.38864064)
(-0.014871304 -0.10212401 0.39803931)
(-0.0030125074 -0.10970991 0.38530562)
(-0.0069512146 -0.11605839 0.38670787)
(-0.012538992 -0.11563539 0.39176752)
(-0.010338052 -0.12242278 0.38913148)
(-0.014344988 -0.12199983 0.39561579)
(-0.012958381 -0.12880232 0.39244485)
(-0.014998882 -0.12838499 0.39981689)
(-0.014640906 -0.12155967 0.40326249)
(-0.013138651 -0.12794587 0.40723712)
(-0.011116466 -0.12112318 0.41007096)
(-0.0078583126 -0.12751307 0.41277681)
(-0.0075544045 -0.12923176 0.38704118)
(-0.0047079476 -0.12068071 0.41424202)
(-0.0084889705 -0.11429486 0.41236679)
(-0.0017070391 -0.083682386 0.38509745)
(-0.014999737 -0.069721673 0.40008875)
(-0.0011159189 -0.081450816 0.41495843)
(-0.010594289 -0.13435073 0.4106189)
(-0.0039547804 -0.13391584 0.41446927)
(-0.010724683 -0.13561915 0.38951281)
(-0.0019855789 -0.11384534 0.414868)
(-0.0054036578 -0.10748166 0.41399287)
(0.0017337017 -0.090367694 0.38510053)
(0.0011549099 -0.10336666 0.38504453)
(0.0045607268 -0.11012144 0.38571015)
(0.0019975383 -0.10701247 0.4148664)
(-0.0020563039 -0.10070124 0.41485839)
(-0.009156036 -0.1011256 0.41188137)
(0.0054305617 -0.10026675 0.41398245)
(0.0029317953 -0.12023256 0.4147107)
(0.005732826 -0.084052106 0.38613873)
(0.0023813211 -0.077355207 0.38519023)
(-0.0072106249 -0.14076844 0.41315321)
(-0.004328694 -0.13606214 0.38563816)
(-0.00015745396 -0.12963938 0.38500083)
(0.0013204516 -0.093946093 0.41494177)
(-0.014909565 -0.095419509 0.40164465)
(0.005250904 -0.068154613 0.41405091)
(0.0033469771 -0.13647649 0.38537818)
(0.0058707181 -0.12954598 0.38619657)
(0.0027132432 -0.12322934 0.38524743)
(-0.010644014 -0.062647912 0.41056906)
(0.0068453876 -0.10394907 0.38665307)
(0.010250332 -0.11051788 0.38904871)
(0.0087756097 -0.090766958 0.38783494)
(0.010866528 -0.084691451 0.38965986)
(0.0080202985 -0.107008 0.41267576)
(0.010708092 -0.099926735 0.41050413)
(0.00016609851 -0.14037165 0.41499908)
(0.003019587 -0.13346903 0.41469293)
(0.0076770981 -0.13988965 0.41288651)
(-0.0081321844 -0.055697786 0.41260427)
(-0.01466773 -0.061585317 0.4031397)
(0.0046638858 -0.056096291 0.38574349)
(0.001468797 -0.062326186 0.38507209)
(-0.0058053043 -0.062042751 0.38616893)
(0.008215736 -0.062613836 0.38745003)
(-0.0025642299 -0.068489008 0.3852208)
(-0.0092341042 -0.068170007 0.3881792)
(-0.011641608 -0.061695131 0.39054098)
(-0.012909244 -0.14117929 0.40763881)
(0.013542355 -0.066882573 0.40645016)
(-0.01051335 -0.14762667 0.41069904)
(-0.014997092 -0.14129368 0.40029533)
(-0.014646222 -0.14791496 0.39676145)
(0.013523417 -0.082135979 0.40648978)
(0.0094717003 -0.085957196 0.41163129)
(0.0095556528 -0.07833665 0.41156242)
(0.008513166 -0.09350663 0.41235014)
(0.013385281 -0.066772055 0.3932299)
(0.0094801649 -0.070669933 0.38837561)
(-0.013077436 -0.069277137 0.40734715)
(0.013038856 -0.12833884 0.39258459)
(0.013530669 -0.13583408 0.40647464)
(0.013500983 -0.1204781 0.40653632)
(0.0097388406 -0.12408168 0.41140855)
(-0.008522339 -0.055356956 0.38765619)
(0.00045652858 -0.11647371 0.38500695)
(-0.001526508 -0.12727715 0.41492212)
(0.0095960631 -0.11648398 0.4115289)
(-0.014091 -0.10886123 0.39485765)
(-0.014808753 -0.10846105 0.40238764)
(-0.013517867 -0.11473695 0.40650133)
(-0.011558392 -0.10796053 0.40956052)
(-0.013746667 -0.10161518 0.40600243)
(-0.014969786 -0.1151596 0.39904842)
(-0.01477062 -0.089146336 0.39738681)
(-0.0043670217 -0.12281898 0.38564977)
(-0.0023593048 -0.096648002 0.38518671)
(-0.014189265 -0.088706796 0.40486464)
(0.0028667773 -0.074641691 0.4147235)
(0.0043299646 -0.097033726 0.38563854)
(-0.014479458 -0.13466627 0.40391731)
(0.0064154265 -0.11663605 0.38644115)
(-0.0062183661 -0.094392053 0.41365035)
(-0.0075306493 -0.14216506 0.38702736)
(-0.0052169865 -0.076920647 0.38593646)
(0.0092868711 -0.078014654 0.38822061)
(0.0030030336 -0.1483178 0.38530368)
(-0.012066501 -0.094847018 0.40891064)
(-0.014547011 -0.13495942 0.39634152)
(-0.0036850271 -0.087620457 0.41454031)
(0.013086919 -0.10475285 0.39266975)
(0.010347813 -0.14849123 0.41085922)
(-0.014577903 -0.063733703 0.39646662)
(0.013599034 -0.14319229 0.39367021)
(0.0096178768 -0.13979277 0.38848929)
(-0.0039868042 -0.14729405 0.41446048)
(0.0074685051 -0.06175026 0.41300851)
(-0.010506604 -0.14871782 0.38929433)
(-0.013704706 -0.070082082 0.39390238)
(-0.013387541 -0.14131976 0.39323437)
(0.003247999 -0.087251589 0.41464413)
(0.013232423 -0.10565505 0.4070642)
(0.013166887 -0.090610068 0.39281438)
(0.0094157135 -0.13202206 0.41167666)
(-0.01499993 -0.053291359 0.39995424)
(-0.0012236424 -0.14209414 0.38504999)
(0.0093163858 -0.12373993 0.38824394)
(0.0040448421 -0.068377995 0.38555565)
(0.013791326 -0.060242449 0.3941009)
(0.011724283 -0.053809718 0.40935634)
(0.013545162 -0.05357361 0.40644427)
(0.010055031 -0.072160864 0.41113087)
(0.01410093 -0.11283497 0.39488495)
(0.014275443 -0.052277966 0.39539438)
(0.0041240135 -0.11289118 0.41442195)
(0.01365185 -0.095937795 0.40621506)
(0.013964972 -0.080380063 0.39452464)
(0.013945466 -0.14940352 0.40552485)
(0.0054093907 -0.081836462 0.41399066)
(0.013698569 -0.149194 0.3938886)
(-0.014715632 -0.058553084 0.39709308)
(0.010061699 -0.098272986 0.38887515)
(0.0052631419 -0.12777599 0.41404633)
(0.0041725364 -0.14247139 0.38559202)
(0.010358922 -0.066755175 0.41084863)
(0.010393238 -0.13416696 0.38918424)
(0.011247548 -0.11610354 0.39007565)
(0.013622503 0.097380603 0.10627913)
(0.013530669 0.11283497 0.093525358)
(0.013102569 0.0905516 0.092697761)
(0.013313595 0.12035016 0.10691001)
(-0.013379866 0.054618146 0.1067808)
(0.013544385 0.074506847 0.1064459)
(-0.014488887 0.14829514 0.096117714)
(-0.0017576064 0.055932117 0.085103329)
(-0.0038822857 0.14829514 0.11448889)
(0.013528734 0.12816506 0.093521315)
(0.012199207 0.074794682 0.091271921)
(-0.002002715 0.055963695 0.1148657)
(0.011821745 0.054869543 0.090767105)
(0.0038822857 0.14829514 0.085511113)
(0.013530669 0.13583408 0.10647464)
(-0.013186021 0.054400612 0.092849556)
(0.014093847 0.059457323 0.10513454)
(0.010335335 0.14825177 0.1108711)
(0.013530669 0.14350045 0.093525358)
(0.0058445072 0.05577233 0.11381455)
(0.0021411834 0.062120361 0.11484639)
(-0.005116887 0.062505239 0.11410026)
(-0.0017626838 0.068603309 0.11489607)
(-0.0083732005 0.069023155 0.11244546)
(-0.0044866517 0.075158558 0.11431328)
(-0.010714693 0.0755691 0.1104974)
(-0.0075496239 0.081753462 0.1129616)
(-0.012822883 0.082165487 0.10778291)
(-0.010221439 0.088395219 0.11097826)
(-0.014427297 0.075952451 0.10410525)
(-0.014983309 0.082555679 0.10070743)
(-0.014632247 0.076353916 0.096698885)
(-0.013485669 0.082956045 0.093432143)
(-0.011208255 0.076726691 0.090031298)
(-0.0086630528 0.083353877 0.087754531)
(-0.011635709 0.089622003 0.09053373)
(-0.003669095 0.087973734 0.11454434)
(-0.0068468596 0.094662831 0.11334618)
(-0.0056079857 0.090022449 0.086087757)
(-0.0092339052 0.096326523 0.088179044)
(-0.0022704725 0.096715645 0.085172831)
(-0.0062354375 0.10304691 0.086357445)
(-0.012097288 0.10264557 0.091131199)
(-0.0097387208 0.10938635 0.088591349)
(-0.014073207 0.10898425 0.094809157)
(-0.012496026 0.11571474 0.091702449)
(-0.014959797 0.11534067 0.098902513)
(-0.014491753 0.12162836 0.096128426)
(-0.014677211 0.12171574 0.10309507)
(-0.013562769 0.11492237 0.10640713)
(-0.007182244 0.1159765 0.086831273)
(-0.011236059 0.12129979 0.10993735)
(-0.0089681401 0.11449145 0.11202383)
(-0.013242421 0.12810613 0.10704544)
(-0.0080446983 0.12768668 0.11266029)
(-0.012454017 0.095075854 0.10836047)
(-0.0016380177 0.083718492 0.085089705)
(-0.014999969 0.069754906 0.10003042)
(0.0012308459 0.10344148 0.085050585)
(-0.01075807 0.13451774 0.11045294)
(-0.0041806033 0.13409612 0.11440564)
(-0.00073965565 0.12726177 0.11498175)
(-0.014230484 0.134936 0.10474271)
(0.00047956266 0.094231547 0.11499233)
(0.0038560312 0.087508503 0.1144959)
(-0.0028663234 0.10095107 0.11472359)
(-0.013056161 0.14132079 0.10738489)
(-0.011839364 0.10812999 0.10921029)
(0.0052877486 0.097135217 0.085962916)
(0.0029012744 0.074735944 0.11471675)
(-0.01488892 0.10223094 0.098177895)
(0.0031215595 0.13365236 0.1146716)
(0.0083803292 0.10383375 0.087559338)
(0.0041977978 0.11028266 0.085599358)
(0.0046229097 0.10052642 0.11426985)
(0.001253909 0.10729983 0.1149475)
(0.008422487 0.10686058 0.11241216)
(0.0053583737 0.11366223 0.11401028)
(0.0057821323 0.12680008 0.11384077)
(-0.010681849 0.062674939 0.11053082)
(1.8084312e-05 0.14051391 0.11499999)
(0.0074480718 0.14008373 0.11302022)
(0.011266162 0.097427249 0.090096789)
(-0.0081371917 0.055703849 0.11260104)
(-0.014673062 0.061563043 0.10311468)
(0.0050689641 0.056227539 0.085882436)
(0.0014869803 0.062154068 0.085073886)
(-0.0057820726 0.062029893 0.086159204)
(-0.0024757485 0.068446123 0.085205722)
(0.0042777723 0.068761261 0.085622912)
(0.0095936928 0.061778016 0.088469126)
(-0.0092122106 0.068156291 0.08816213)
(0.0010496229 0.075047724 0.085036769)
(-0.011626757 0.061681768 0.090522737)
(0.011276323 0.11324576 0.10989164)
(0.0074125498 0.075154763 0.086959521)
(0.013609157 0.066879904 0.106308)
(0.0095746671 0.070896538 0.11154668)
(0.0095046221 0.063141958 0.1116044)
(0.013542355 0.082123664 0.093549836)
(0.0091490387 0.086156086 0.088113239)
(-0.010602177 0.14829851 0.11061102)
(0.013530669 0.066836749 0.093525358)
(0.01363487 0.082117989 0.10625222)
(0.0097506235 0.078154635 0.11139848)
(0.013650407 0.089858808 0.10621823)
(0.0084399313 0.093764428 0.1124003)
(-0.013200982 0.069316691 0.10712279)
(0.013278646 0.10544305 0.10697693)
(0.013291715 0.10500117 0.093048)
(0.013532122 0.12049107 0.093528396)
(0.0094036127 0.12432559 0.088313595)
(0.0093988475 0.1320025 0.088309762)
(0.0034256563 0.12816228 0.085396409)
(0.0033554493 0.13570773 0.085380118)
(-0.003238295 0.13199744 0.085353722)
(-0.0032425492 0.1396903 0.085354664)
(-0.009266337 0.13584081 0.08820445)
(0.0043392587 0.12035425 0.08564135)
(-0.0092613945 0.12814402 0.088200569)
(-0.013458071 0.13198398 0.093375776)
(-0.010318973 0.14372734 0.089113367)
(-0.0039536735 0.12332668 0.08553043)
(-0.013729841 0.13973464 0.093959184)
(0.013904001 0.12837828 0.10562839)
(-0.014820504 0.10856236 0.10231358)
(0.013529838 0.13582283 0.093523621)
(-0.013745893 0.095928393 0.093995799)
(0.010154066 0.11654712 0.088959396)
(-0.0085270129 0.055346217 0.087659415)
(-0.0048922656 0.12089301 0.11417977)
(0.0018658567 0.090423101 0.0851165)
(-0.014757164 0.089203296 0.09731186)
(0.0082772086 0.14061677 0.087490491)
(-0.0031132706 0.10976753 0.085326638)
(-0.014239603 0.088795072 0.10471526)
(-0.00085195287 0.081459042 0.11497579)
(-0.0038822857 0.14835774 0.085511113)
(-0.013925712 0.1018469 0.10557445)
(-0.0095416582 0.10137064 0.11157397)
(0.0025448853 0.12054199 0.11478254)
(-0.00775861 0.14097758 0.1128376)
(0.003964998 0.14734221 0.11446647)
(-0.014484697 0.148132 0.10389789)
(-0.014997555 0.12844563 0.099729194)
(-0.014934895 0.095382163 0.10139604)
(0.010347813 0.14849123 0.089140775)
(-0.014572505 0.063738756 0.096444429)
(0.013285347 0.14299012 0.10696416)
(-0.0060076543 0.10757815 0.11374438)
(-0.013687982 0.070114466 0.093864925)
(-0.0019561374 0.11393368 0.1148719)
(-0.014977868 0.14151501 0.10081453)
(-0.0059576043 0.074445398 0.086233848)
(0.0090269078 0.11948846 0.11197977)
(0.0099068396 0.086001764 0.11126297)
(-0.01499993 0.053291359 0.099954241)
(0.0097053986 0.13288069 0.11143701)
(0.0043676061 0.080712014 0.085649947)
(-0.010208786 0.12147642 0.089009974)
(0.013791326 0.060242449 0.094100904)
(0.011724283 0.053809718 0.10935634)
(0.01411025 0.05356276 0.10508929)
(0.01025137 0.10075569 0.11095032)
(-0.010606602 0.14983246 0.089393398)
(0.010166953 0.069578512 0.088971262)
(0.0088553968 0.09226969 0.087892897)
(0.010185062 0.10984843 0.088987983)
(-0.00070903966 0.11571441 0.085016767)
(0.0048586972 0.067619811 0.1141913)
(0.014230631 0.051517077 0.09525773)
(0.0025929 0.14209948 0.085225804)
(0.013945466 0.14940352 0.09447515)
(0.0053689468 0.081821017 0.11400623)
(0.013917149 0.14929234 0.1055958)
(-0.014714159 0.058555903 0.097085636)
(-0.014846793 0.13564322 0.097861603)
(0.010308468 0.080259496 0.089103419)
(0.014310907 0.097502227 0.095505788)
(0.014321926 0.11300822 0.10445897)
(0.010730153 0.12503523 0.11048159)
(-0.012822553 0.12649033 0.092216547)
(-0.0054711715 0.079410482 0.086033387)
(0.0077645742 -0.028977774 0.511694)
(-0.028973457 -0.0077806661 0.51168202)
(-0.021213208 0.021213199 0.511694)
(0.0077645639 0.028977777 0.511694)
(0.021213203 0.021213203 0.53659027)
(-0.0077645714 -0.028977775 0.53659027)
(0.021213203 -0.021213203 0.53659027)
(-0.028977775 0.0077645714 0.53659027)
(-0.0077643053 0.028977846 0.53661569)
(0.027910534 0.011000095 0.51767767)
(0.027910534 -0.011000095 0.51767767)
(0.0077676522 0.028976949 0.53660432)
(0.0077648969 -0.028977688 0.53661593)
(-0.021218164 -0.021208241 0.51167647)
(-0.025980634 -0.015000222 0.52467782)
(-0.0077803674 -0.028973538 0.51167348)
(-0.0077648443 0.028977702 0.51166858)
(-0.021214756 0.02121165 0.53659967)
(-0.02898372 0.007742348 0.51167605)
(0.027913588 -0.010992342 0.53059242)
(0.027910534 0.011000095 0.5306066)
(0.020613113 0.021796779 0.51123979)
(0.013116704 0.026980587 0.52426558)
(0.020613117 -0.021796775 0.51123978)
(0.01337297 -0.026854491 0.52411925)
(-0.029989256 -0.00080284037 0.52466814)
(-0.015689904 -0.02557004 0.52466814)
(0.00033046092 -0.02999818 0.52415899)
(-0.00026260503 0.029998851 0.5241833)
(-0.025980765 0.014999995 0.52410009)
(-0.015000006 0.025980759 0.52410009)
(-0.021213203 -0.021213203 0.53761239)
(-0.028977775 -0.0077645714 0.53761239)
(0.023316298 0.018877241 0.5245576)
(0.023312844 -0.018881507 0.52371775)
(0.028109996 -0.010479893 0.54023915)
(0.028108242 0.010484595 0.54025257)
(0.028025842 0.010702906 0.50778653)
(0.02814116 -0.010395919 0.50759661)
(0.0077645742 -0.028977774 -0.011693997)
(-0.028973457 -0.0077806666 -0.011682025)
(-0.021213208 0.021213199 -0.011693996)
(0.0077645639 0.028977777 -0.011693996)
(0.021213203 0.021213203 -0.036590274)
(-0.0077645714 -0.028977775 -0.036590274)
(0.021213203 -0.021213203 -0.036590274)
(-0.028977775 0.0077645714 -0.036590274)
(-0.0077643052 0.028977846 -0.03661569)
(0.027910534 0.011000095 -0.01767767)
(0.027910534 -0.011000095 -0.01767767)
(0.0077676522 0.028976949 -0.036604323)
(0.0077648969 -0.028977688 -0.036615932)
(-0.021213201 -0.021213206 -0.011693997)
(-0.02598076 -0.015000003 -0.025103722)
(-0.0077648443 0.028977702 -0.01166858)
(-0.0077645836 -0.028977772 -0.011687032)
(-0.021214756 0.021211651 -0.036599674)
(-0.02898372 0.0077423478 -0.011676053)
(0.027910534 -0.011000095 -0.030606602)
(0.027913588 0.010992342 -0.030592421)
(0.020613113 0.021796779 -0.011239787)
(0.013337435 0.026872157 -0.02413706)
(0.020613117 -0.021796775 -0.011239784)
(0.01316796 -0.026955608 -0.024243702)
(-0.029995442 -0.00052294827 -0.02460698)
(-0.020756346 -0.021660427 -0.03709085)
(3.7944167e-09 -0.03 -0.024100091)
(-8.8326461e-12 0.03 -0.02418418)
(-0.025980765 0.014999995 -0.024100091)
(-0.015000006 0.025980759 -0.02410009)
(-0.014999997 -0.025980764 -0.024081604)
(-0.028977775 -0.0077645714 -0.037612395)
(0.023316298 -0.018877241 -0.024557603)
(0.023312844 0.018881507 -0.023717748)
(0.028193314 0.010253635 -0.040490971)
(0.028108242 -0.010484595 -0.040252568)
(0.028141159 0.01039592 -0.0075966053)
(0.028025842 -0.010702905 -0.007786534)
(0.043691351 0.010462915 0.48669313)
(0.028784952 -0.028784949 0.49170659)
(0.043645309 -0.010577798 0.48671976)
(-0.028784947 -0.028784954 0.49170659)
(-0.028784956 0.028784944 0.49170659)
(0.028784944 0.028784958 0.49170659)
(0.010536013 0.039320976 0.49170659)
(-0.039320975 0.010536016 0.49170659)
(-0.010536018 -0.039320975 0.49170659)
(0.010536027 -0.039320972 0.49170659)
(-0.010536032 0.039320971 0.49170659)
(-0.039320972 -0.010536029 0.49170659)
(0.022879033 0.040056298 0.48473887)
(-0.040059782 0.022888367 0.48472529)
(-0.022888369 -0.04005978 0.48472529)
(0.023041957 -0.039909833 0.48481991)
(-0.039909831 -0.023041959 0.48481991)
(-0.023041962 0.039909829 0.48481991)
(-1.1431112e-08 0.045838921 0.48524304)
(-0.045838921 -7.2109653e-09 0.48524304)
(5.3246473e-09 -0.045838921 0.48524304)
(0.043840493 -0.020611798 0.47953576)
(0.036794568 -0.020571009 0.49022809)
(0.043852513 0.020586865 0.47953493)
(0.036807339 0.020555435 0.4902242)
(0.035198216 -0.0095768603 0.49506954)
(0.035346654 0.032155521 0.48131453)
(0.03536743 -0.032126894 0.48132406)
(-0.033837906 -0.033972506 0.48090123)
(-0.033972508 0.033837904 0.48090123)
(0.037195537 0.0095631518 0.49369066)
(0.01182204 0.046129296 0.48171029)
(-0.046129295 0.011822044 0.48171029)
(-0.011822046 -0.046129294 0.48171029)
(0.011579883 -0.04615512 0.48179131)
(-0.04615512 -0.011579884 0.48179131)
(-0.011579888 0.046155119 0.48179131)
(0.048754136 0.0077218966 0.47615476)
(0.048754136 -0.0077218966 0.47615476)
(0.043697423 0.01047318 0.013319267)
(0.028784952 -0.028784949 0.0082934121)
(0.043645309 -0.010577798 0.013280242)
(-0.028784947 -0.028784954 0.0082934122)
(-0.028784956 0.028784944 0.0082934122)
(0.028784944 0.028784958 0.0082934131)
(0.010536013 0.039320976 0.0082934122)
(-0.039320975 0.010536016 0.0082934122)
(-0.010536018 -0.039320975 0.0082934124)
(0.010536027 -0.039320972 0.0082934122)
(-0.010536032 0.039320971 0.0082934121)
(-0.039320972 -0.010536029 0.0082934123)
(0.022879033 0.040056298 0.01526113)
(-0.040059782 0.022888367 0.015274709)
(-0.022888369 -0.04005978 0.015274708)
(0.023041957 -0.039909833 0.015180089)
(-0.039909831 -0.023041959 0.015180088)
(-0.023041962 0.039909829 0.015180088)
(-1.1431112e-08 0.045838921 0.014756963)
(-0.045838921 -7.2109648e-09 0.014756963)
(5.3246469e-09 -0.045838921 0.014756963)
(0.043840493 -0.020611798 0.020464242)
(0.036794568 -0.020571009 0.0097719104)
(0.043849625 0.020617525 0.020496221)
(0.036808071 0.020560808 0.0097793717)
(0.035198216 -0.0095768603 0.0049304613)
(0.035344794 0.032160649 0.018690566)
(0.03536743 -0.032126894 0.018675939)
(-0.033837906 -0.033972506 0.01909877)
(-0.033972508 0.033837904 0.01909877)
(0.037197829 0.0095660681 0.0063116276)
(0.01182204 0.046129296 0.018289712)
(-0.046129295 0.011822044 0.018289711)
(-0.011822046 -0.046129294 0.018289711)
(0.011579883 -0.04615512 0.018208691)
(-0.04615512 -0.011579884 0.018208691)
(-0.011579888 0.046155119 0.01820869)
(0.048775064 0.007809946 0.024012265)
(0.048754136 -0.0077218966 0.023845244)
(0.035319583 -0.035391059 0.042141545)
(0.035355339 0.035355339 0.043533629)
(-0.035391059 0.035319583 0.042141545)
(-0.035355339 -0.035355339 0.042145801)
(0.049224713 0.0087708382 0.036126004)
(0.049384417 -0.0078217233 0.035540119)
(0.048188353 -0.013337265 0.046242805)
(0.046397409 0.018635462 0.043030878)
(0.044550326 -0.022699525 0.04138675)
(-0.022694345 -0.044552965 0.04140467)
(0.022694345 -0.044552965 0.04140467)
(-0.022699525 0.044550326 0.04138675)
(-0.044552965 0.022694345 0.04140467)
(-0.044552965 -0.022694345 0.04140467)
(0.022694345 0.044552965 0.04140467)
(-0.0088594983 0.049208833 0.043266874)
(0.008851465 -0.049210279 0.043261528)
(-0.049210279 -0.008851465 0.043261528)
(0.0087461956 0.049229098 0.043096446)
(-0.049229098 0.0087461956 0.043096446)
(-0.0087461956 -0.049229098 0.043096446)
(0.046193977 -0.019134172 0.12302709)
(0.038279712 -0.032166188 0.13738592)
(0.03832971 -0.032106594 0.29457519)
(0.03832971 0.032106594 0.21542481)
(0.038105158 0.032372781 0.37199139)
(-0.037369058 0.033219776 0.216)
(-0.037258007 0.033344279 0.37198481)
(-0.03708361 -0.033538125 0.13797543)
(-0.037369058 -0.033219776 0.294)
(-0.047878851 -0.014408874 0.11695876)
(-0.020294287 0.045696191 0.1)
(0.046146667 -0.019247991 0.076333333)
(0.047607749 0.015280781 0.38833333)
(-0.037656576 -0.032893499 0.12548954)
(-0.029056545 -0.040690505 0.13077213)
(-0.028106513 -0.041352436 0.14305973)
(-0.01874284 -0.046354136 0.13586797)
(0.01978997 -0.04591685 0.40497955)
(0.037811025 0.032715843 0.22640962)
(0.031040649 0.039197935 0.22093059)
(0.031093409 0.039156096 0.20915692)
(0.022190228 0.04480618 0.21502063)
(0.037788304 0.032742084 0.36153264)
(0.031056034 0.039185747 0.36701009)
(0.031619395 0.038732594 0.37785448)
(0.022784606 0.044506873 0.37303216)
(0.037811025 -0.032715843 0.28359038)
(0.031040649 -0.039197935 0.28906941)
(0.031093409 -0.039156096 0.30084308)
(0.022190228 -0.04480618 0.29497937)
(0.038303897 -0.032137384 0.14809132)
(0.031257951 -0.03902487 0.14300698)
(0.031178496 -0.039088379 0.13147803)
(0.01978997 0.04591685 0.095020446)
(0.048296291 0.012940952 0.112047)
(0.02244667 0.044678261 0.22720146)
(0.011872449 0.048570001 0.22108215)
(0.022523966 0.044639343 0.36080101)
(0.012077389 0.048519446 0.36699301)
(0.02244667 -0.044678261 0.28279854)
(0.011872449 -0.048570001 0.28891785)
(0.012248558 0.048476518 0.20791119)
(0.0126699 0.048368106 0.38013883)
(0.012248558 -0.048476518 0.30208881)
(-0.017726156 -0.046752363 0.14889957)
(-0.020247603 -0.045716896 0.123443)
(-0.037417071 0.033165688 0.20304966)
(-0.03739728 0.033188002 0.35910558)
(-0.037409153 0.033174617 0.22889463)
(-0.037261908 0.033339919 0.38471879)
(-0.037409153 -0.033174617 0.28110537)
(-0.037119427 -0.03349848 0.30690219)
(0.030351958 -0.039733596 0.1553284)
(0.048296291 -0.012940952 0.397953)
(0.022191123 -0.044805737 0.13692895)
(0.023402458 -0.044185121 0.1242222)
(0.048072589 0.013748681 0.087173479)
(-0.018110795 -0.046604711 0.40966972)
(0.011808994 0.048585468 0.35343512)
(0.024134334 0.043789656 0.34668444)
(0.011797359 0.048588294 0.2345685)
(0.023519896 0.044122721 0.24141311)
(0.011797359 -0.048588294 0.2754315)
(0.023519896 -0.044122721 0.26858689)
(-0.027858608 -0.04151985 0.15710635)
(-0.028178848 0.041303178 0.22335408)
(-0.028105097 0.041353398 0.36467362)
(-0.028178848 -0.041303178 0.28664592)
(0.046553301 -0.018242536 0.33437444)
(0.046146667 0.019247991 0.177)
(-0.029054239 -0.040692152 0.27237806)
(-0.029054239 0.040692152 0.23762194)
(-0.029037823 0.040703868 0.35038051)
(-0.016977203 0.047029508 0.10964258)
(0.021787069 -0.045003596 0.39762026)
(0.021274987 0.045247927 0.10279822)
(0.027616831 0.041681059 0.09647716)
(-0.015667281 -0.047481958 0.16393317)
(0.027809226 -0.041552942 0.40378096)
(-0.0086066477 0.049253686 0.16531003)
(-0.011362458 0.048691833 0.42306666)
(-0.0086379492 -0.049248206 0.34467561)
(0.015368297 -0.04757957 0.41380831)
(-0.048296291 -0.012940952 0.15972424)
(0.015368297 0.04757957 0.08619169)
(-0.039217659 -0.031015725 0.26646879)
(-0.039217659 0.031015725 0.34446879)
(-0.039217659 0.031015725 0.24353121)
(-0.026571365 0.042355195 0.10674057)
(-0.021333621 -0.045220312 0.39984982)
(-0.029949124 -0.040038106 0.40754075)
(0.012355997 -0.048449245 0.12947748)
(0.012914441 -0.048303387 0.114696)
(-0.028138205 0.041330877 0.097809369)
(0.0089232684 -0.04919731 0.14279283)
(0.025746114 -0.042861843 0.10913533)
(-0.047824537 0.014588134 0.42321989)
(-0.048296291 -0.012940952 0.34465046)
(-0.0107524 -0.048830174 0.41792696)
(-0.0038536773 -0.049851271 0.2957339)
(-0.0036255675 0.049868379 0.3737568)
(-0.0038536773 0.049851271 0.2142661)
(-0.048296291 0.012940952 0.087349544)
(0.0073072847 -0.049463154 0.41942759)
(-0.012936495 0.048297485 0.1182221)
(-0.048296291 0.012940952 0.19427576)
(0.029489729 0.040377666 0.42301411)
(0.012940952 -0.048296291 0.18865046)
(0.0073072845 0.049463154 0.080572414)
(0.039546662 -0.030595122 0.1609219)
(0.041192572 0.02834029 0.38980055)
(0.0006404155 0.049995899 0.38896389)
(0.00041108283 0.04999831 0.19948211)
(0.016713206 0.047123972 0.19335211)
(0.00041108283 -0.04999831 0.31051789)
(0.016713206 -0.047123972 0.31664789)
(-0.033209891 -0.037377843 0.087085883)
(-0.034430659 0.036256444 0.10509813)
(-0.0024778143 -0.049938567 0.42056291)
(0.011113909 0.048749164 0.33765717)
(0.011339562 0.04869717 0.25018775)
(0.011339562 -0.04869717 0.25981225)
(-0.04626689 0.018957185 0.38976615)
(-0.037742575 0.032794787 0.39938035)
(-0.04619064 -0.019142224 0.31176124)
(-0.037086604 -0.033534815 0.32239686)
(0.014914161 0.04772387 0.39526459)
(0.029564395 0.040323028 0.10574962)
(-0.013286002 -0.048202512 0.27837064)
(-0.018437497 -0.046476432 0.26273981)
(-0.013250547 0.04821227 0.35636743)
(-0.017890354 0.046689777 0.34035672)
(-0.013286002 0.048202512 0.23162936)
(-0.018437497 0.046476432 0.24726019)
(-0.030688367 -0.039474348 0.1740232)
(-0.016183143 -0.047308624 0.30417293)
(-0.015284421 0.04760658 0.38224732)
(-0.015277734 0.047608727 0.20587949)
(0.046146667 0.019247991 0.255)
(0.046146667 0.019247991 0.333)
(0.046459862 -0.018479211 0.25494689)
(0.036040957 0.03465616 0.098160503)
(-0.018110795 0.046604711 0.090330276)
(-0.014984687 0.047701773 0.082455448)
(0.013670408 -0.048094906 0.099005019)
(-0.0081548694 -0.049330499 0.10509773)
(0.045034305 0.021723521 0.2006753)
(0.045380608 -0.020990484 0.30922418)
(-0.048631671 -0.011617252 0.39915718)
(0.030919734 -0.039293385 0.16903789)
(0.040901301 -0.02875906 0.17709449)
(0.018432147 -0.046478554 0.16247317)
(0.0228257 0.044485812 0.1132342)
(-0.046134925 0.019276116 0.32043263)
(-0.046778461 0.017657168 0.26739032)
(-0.048296291 -0.012940952 0.24334954)
(0.044620197 0.02256187 0.23180261)
(0.044620197 -0.02256187 0.27819739)
(0.044611147 0.022579761 0.35620018)
(-0.0086001797 -0.049254816 0.12818075)
(0.025767508 -0.042848985 0.25188129)
(0.025767508 0.042848985 0.25811871)
(0.025767508 0.042848985 0.32988129)
(0.040421248 -0.029429963 0.30957202)
(0.040421248 0.029429963 0.20042798)
(-0.035800297 0.034904709 0.091319807)
(-0.02510531 0.043240299 0.082450602)
(0.046964119 0.01715726 0.40721997)
(-0.014889023 -0.047731719 0.18064424)
(0.0043099057 0.049813901 0.12097314)
(-0.048914437 -0.010362328 0.085903576)
(-0.049937213 0.002504942 0.10294887)
(-0.047631643 0.015206137 0.10412992)
(-0.012759102 0.048344651 0.19021996)
(-0.011595862 0.048636776 0.39763857)
(-0.013109314 -0.048250864 0.31992268)
(-0.043240522 -0.025104925 0.099628412)
(0.040228053 -0.029693496 0.12255612)
(0.043992779 -0.023762058 0.10901025)
(-0.035536893 0.035172848 0.42295754)
(-0.03391819 -0.036736309 0.34497258)
(0.037098969 -0.033521135 0.42717844)
(0.040787399 0.028920375 0.11109512)
(-0.0031628879 -0.049899861 0.15442784)
(-0.018305824 -0.046528452 0.086484848)
(-0.038074803 0.032408477 0.32054805)
(-0.04005179 -0.029930823 0.24314894)
(-0.048296291 0.012940952 0.23758139)
(-0.048296291 0.012940952 0.35041861)
(-0.048296291 -0.012940952 0.27241861)
(0.045051607 -0.021687617 0.15385948)
(-0.039378036 0.030811853 0.26732667)
(0.030296757 -0.039775703 0.094475529)
(0.030067901 0.039948984 0.19574101)
(0.030067901 -0.039948984 0.31425899)
(-0.021822762 -0.044986298 0.10408682)
(-0.040837627 -0.028849407 0.15996709)
(-0.04536614 -0.021021734 0.17610046)
(0.033076719 0.037495742 0.08656786)
(0.037497252 0.033075007 0.34969559)
(0.037497252 0.033075007 0.23830441)
(0.037497252 -0.033075007 0.27169559)
(-0.028105097 -0.041353398 0.30132638)
(-0.027595387 0.041695259 0.37792446)
(-0.028105097 0.041353398 0.20867362)
(-0.027997284 0.041426466 0.19421414)
(-0.036314432 0.034369493 0.18704039)
(-0.034221304 0.036454113 0.16449209)
(-0.045944586 0.019725492 0.16469492)
(0.032152999 -0.03829079 0.39272262)
(0.037531837 -0.033035757 0.40127418)
(0.012552705 0.048398653 0.42348347)
(0.025206857 -0.04318118 0.41326827)
(-0.030210641 -0.039841149 0.39361142)
(-0.0093065635 -0.049126244 0.42928072)
(0.016479374 -0.047206252 0.42443452)
(-0.043160505 -0.025242243 0.11967726)
(-0.03858818 -0.031795477 0.11356763)
(-0.048718565 -0.011247283 0.42359894)
(0.01156366 -0.048644442 0.34470632)
(0.034259551 -0.036418171 0.34547924)
(0.011574784 0.048641796 0.16529131)
(0.034259551 0.036418171 0.16452076)
(-0.0018317155 0.049966437 0.24146069)
(-0.0044373239 0.049802712 0.25819203)
(-0.0012904363 0.049983345 0.34652066)
(-0.0034617509 0.049880019 0.32953521)
(-0.0018317155 -0.049966437 0.26853931)
(-0.0044373239 -0.049802712 0.25180797)
(-0.038788915 -0.031550278 0.4238434)
(0.045854879 -0.019933141 0.41699064)
(-0.036919972 -0.03371818 0.1917705)
(0.012783481 -0.048338211 0.24080653)
(0.012783481 0.048338211 0.26919347)
(-0.040384502 -0.029480366 0.40455999)
(-0.023799391 -0.043972594 0.42457346)
(-0.0070474488 -0.049500843 0.14142092)
(0.039126521 -0.031130618 0.3255225)
(0.038800321 0.031536251 0.18577524)
(0.026650995 -0.042305135 0.33082865)
(0.026650995 0.042305135 0.17917135)
(0.028680669 -0.040956309 0.18709219)
(-0.023465738 0.044151547 0.32172369)
(-0.0024778142 0.049938567 0.079437091)
(-0.049984013 -0.0012642928 0.1762427)
(-0.030433794 -0.039670949 0.11813268)
(-0.046093975 0.019373835 0.4065057)
(-0.025738837 0.042866213 0.40770542)
(-0.049727547 0.0052125864 0.39630809)
(-0.045585151 -0.020542493 0.32818574)
(-0.02525556 -0.043152714 0.33020931)
(-0.05 -6.0454003e-07 0.31869814)
(-0.02576661 0.042849525 0.39260474)
(0.020126207 -0.045770469 0.14894646)
(0.0039856931 -0.049840889 0.17132523)
(-0.00074949197 -0.049994382 0.28246823)
(-0.00071274395 0.04999492 0.36047399)
(-0.00074949197 0.049994382 0.22753177)
(-0.025660916 0.042912905 0.18005927)
(-0.024903927 -0.043356596 0.24433402)
(-0.024215063 0.043745065 0.2656822)
(-0.0024778143 0.049938567 0.12056291)
(0.02357614 0.044092693 0.38548146)
(0.028028663 0.041405242 0.4001698)
(-0.048659221 -0.011501313 0.19399019)
(0.015368297 -0.04757957 0.38619169)
(0.013019211 0.048275254 0.31912816)
(0.0012495209 0.049984385 0.41089214)
(0.03772817 0.032811357 0.38141535)
(0.043603005 0.02446994 0.098869125)
(-0.048757245 0.011078404 0.11644874)
(-0.048524614 -0.01205661 0.1036955)
(-0.016198203 -0.04730347 0.29151849)
(-0.016142398 0.047322542 0.36949385)
(-0.016170768 0.047312855 0.2184793)
(-0.032905603 0.037645999 0.11741826)
(0.048111728 -0.013611085 0.27455524)
(0.047885194 0.014387778 0.23560645)
(0.047884641 0.01438962 0.35239951)
(0.033415776 -0.037193896 0.41304701)
(0.039108452 0.031153314 0.40553578)
(-0.035867035 -0.034836128 0.14844935)
(0.0023969787 0.049942512 0.18449309)
(0.0023969787 -0.049942512 0.32550691)
(-0.026734825 -0.042252209 0.31600265)
(-0.021427978 -0.045175677 0.39080428)
(-0.042897649 0.025686412 0.11536434)
(0.014843105 -0.047746018 0.080240217)
(-0.00066255305 -0.04999561 0.12083643)
(0.043479775 0.02468824 0.42389689)
(0.022601185 -0.044600296 0.3064575)
(0.022601185 0.044600296 0.2035425)
(-0.029275077 -0.040533564 0.25901978)
(-0.029225012 0.040569677 0.33650628)
(-0.029425951 0.040424169 0.2512871)
(0.035379568 0.035331094 0.27392121)
(0.035355339 0.035355339 0.31397929)
(0.035379568 -0.035331094 0.23607879)
(-0.011033522 -0.048767421 0.11604755)
(-0.049933881 0.0025705151 0.33600054)
(0.047502033 -0.015606308 0.16664652)
(-0.035300967 0.035409627 0.076514902)
(0.047284934 -0.01625223 0.093525131)
(0.0016337932 -0.0499733 0.42974159)
(-0.023851292 0.043944463 0.11610917)
(0.047110888 0.016750052 0.15890355)
(0.047110888 -0.016750052 0.35109645)
(-0.049933881 0.0025705151 0.25199946)
(0.030993349 0.039235345 0.35603204)
(0.030989921 0.039238053 0.23276471)
(0.030989921 -0.039238053 0.27723529)
(0.0091782339 -0.049150382 0.15514202)
(0.0015156228 -0.049977024 0.13332402)
(0.02438668 0.043649626 0.086613113)
(0.039722883 -0.030365977 0.094986221)
(0.047653039 -0.015138954 0.182099)
(0.019743987 -0.045936641 0.17585861)
(0.00013843269 -0.049999808 0.090880994)
(0.047110888 -0.016750052 0.23690355)
(0.047110888 0.016750052 0.31490355)
(0.047110888 0.016750052 0.27309645)
(-0.04609872 0.019362542 0.33592406)
(0.015144301 0.047651339 0.11638056)
(-0.043219943 0.025140336 0.19599481)
(-0.04609114 -0.019380579 0.25788408)
(-0.04609114 0.019380579 0.25211592)
(0.040323752 -0.029563407 0.1945919)
(0.032207698 0.038244793 0.38880223)
(0.035993576 -0.034705366 0.10968779)
(-0.046052778 0.01947156 0.18039566)
(0.015488916 0.047540441 0.40966544)
(0.036940602 -0.033695577 0.078371948)
(-0.043727141 0.024247416 0.35238047)
(-0.043732468 0.024237806 0.23562849)
(-0.043732468 -0.024237806 0.27437151)
(-0.03562548 -0.035083119 0.10082552)
(0.032278391 -0.038185148 0.12086886)
(0.015701558 0.047470634 0.075253969)
(0.038005961 0.032489182 0.32953514)
(0.037946031 0.032559157 0.25837835)
(0.037946031 -0.032559157 0.25162165)
(0.042592772 0.026188848 0.087926091)
(-0.049938322 0.0024827323 0.41073564)
(0.048209433 -0.013260865 0.43326794)
(0.042746614 0.025936981 0.24432994)
(0.04278286 0.025877149 0.34370144)
(0.042791745 -0.025862455 0.26567865)
(0.046862866 -0.017431918 0.32112721)
(0.045126617 0.021531103 0.18901544)
(-0.043899335 -0.023934252 0.085388561)
(-0.042180015 0.026848581 0.084275077)
(0.033571011 0.037053842 0.1206572)
(-0.0081318259 -0.049334303 0.23551275)
(-0.0081318259 0.049334303 0.27448725)
(-0.0074405782 -0.049443279 0.19422628)
(0.048425922 -0.012447089 0.19966667)
(-0.044063394 -0.023630855 0.11022635)
(-0.02375911 -0.043994371 0.19411918)
(-0.049990547 -0.00097222801 0.11416806)
(0.026637973 -0.042313336 0.42413677)
(0.033318711 0.037280873 0.34004945)
(0.041942703 -0.027217819 0.39197491)
(-0.041740479 0.02752694 0.10121721)
(0.033709922 -0.036927512 0.26254774)
(0.033697668 0.036938694 0.2474539)
(-0.0055000885 0.04969657 0.31527059)
(0.014617067 0.047815702 0.17968559)
(0.014617067 -0.047815702 0.33031441)
(0.022872471 -0.044461782 0.39053827)
(0.043567968 -0.024532268 0.40486628)
(0.04890868 0.010389467 0.13989051)
(0.049878497 0.003483611 0.13862979)
(-0.048863312 -0.010600787 0.13803148)
(0.04696561 -0.017153178 0.138)
(0.04696561 0.017153178 0.216)
(0.048893013 -0.010462948 0.21577454)
(0.034803471 -0.035898725 0.2129886)
(0.011791855 -0.04858963 0.21506812)
(0.049876752 -0.0035085102 0.21592489)
(-0.048864081 0.010597247 0.21603163)
(0.04890868 0.010389467 0.29589051)
(0.049878497 0.003483611 0.29462979)
(-0.048863312 -0.010600787 0.29403148)
(0.04696561 -0.017153178 0.294)
(0.04696561 0.017153178 0.372)
(0.048893013 -0.010462948 0.37177454)
(0.034803471 -0.035898725 0.3689886)
(0.011791855 -0.04858963 0.37106812)
(0.049876752 -0.0035085102 0.37192489)
(-0.048864081 0.010597247 0.37203163)
(0.012984751 -0.048284534 0.4612375)
(0.012984751 0.048284534 0.4612375)
(-0.048284534 -0.012984751 0.4612375)
(-0.048282413 0.012992635 0.46122221)
(-0.012984751 -0.048284534 0.4612375)
(-0.012984751 0.048284534 0.4612375)
(-0.017245824 -0.15137104 0.40263373)
(-0.017002306 0.15151991 0.10361973)
(-0.0064932956 -0.15112573 0.38397352)
(0.0068117622 0.15080923 0.11595717)
(0.013247954 -0.15115676 0.38899872)
(-0.0051124271 0.15135131 0.08323763)
(0.01332592 0.15130522 0.088816648)
(-0.002403869 -0.15202996 0.41690439)
(0.027086704 0.017204922 -0.042452636)
(0.027087437 -0.017217949 0.54246453)
(0.027231873 -0.017057903 -0.042525131)
(-0.004921492 -0.03199651 -0.042812376)
(0.0087047624 0.030950872 -0.043527363)
(-0.0050109709 -0.031996359 0.54280849)
(-0.030210043 0.011644763 0.54283121)
(-0.030210774 0.011646092 -0.042830786)
(0.01006528 0.030563294 0.5432649)
(-0.012403699 0.029786792 0.5427917)
(-0.01225646 0.029851894 -0.042700843)
(0.027083563 0.01715006 0.54223148)
(0.013212105 -0.15128176 0.41117256)
(0.016738637 0.15125749 0.10383132)
(-0.0069949027 0.15029768 0.11590282)
(0.016954998 0.049102223 0.095705018)
(0.019240237 -0.025914982 0.54290788)
(0.019255522 -0.025903297 -0.042900402)
(-0.011790605 -0.15179496 0.38743929)
(0.016800705 0.15126533 0.096130876)
(0.016328594 -0.15158146 0.39490086)
(-0.022935195 0.022667598 0.54366306)
(-0.011646527 0.15185005 0.087115074)
(-0.022910019 0.022699503 -0.043649861)
(0.013446413 0.15119371 0.11095274)
(-0.00047486289 0.032209818 0.54168698)
(-0.00075983114 0.032016291 -0.039656864)
(-0.019227634 -0.026083313 -0.042736386)
(-0.016879247 0.15158287 0.096877461)
(1.8098362e-05 0.14892661 0.11732059)
(-0.032180514 -0.0037919812 0.54278016)
(-0.019368155 -0.025968383 0.54277887)
(0.0063995407 -0.15124754 0.41621033)
(-0.012604324 -0.15148383 0.41212952)
(-0.032181399 -0.0038174973 -0.042775138)
(-0.00057892565 -0.14954456 0.38278509)
(0.030442178 0.0098423771 -0.044551164)
(0.016132387 -0.15185831 0.40569763)
(0.030289227 0.0099875736 0.54468952)
(0.0051370375 0.1515172 0.083236272)
(0.01928886 0.025867449 -0.042874262)
(0.0085432696 -0.15090538 0.38496592)
(0.019995263 0.025209708 0.54309357)
(-0.013725631 0.15129857 0.11061523)
(0.0081523088 -0.031176718 -0.04368358)
(0.0081332685 -0.031182864 0.54368403)
(-0.027796937 -0.016122907 -0.040184068)
(0.0041023734 -0.15166774 0.38327422)
(-0.027841045 -0.016084717 0.54030161)
(0.030504163 -0.0096862735 0.54450453)
(0.030773316 -0.0086403988 -0.044175796)
(-0.014718098 0.14920396 0.091125013)
(-0.015981768 -0.15067396 0.39360381)
(0.017389785 -0.14999078 0.40078262)
(0.032394862 0.00011494839 0.54158639)
(0.032366468 0.0011771196 -0.041487156)
(0.051213873 0.0071242026 0.27594699)
)


// ************************************************************************* //
